step,system_total_stopped,system_total_waiting_time,system_mean_waiting_time,system_mean_speed
0.0,0,0.0,0.0,0.0
5.0,0,0.0,0.0,13.330634028365404
10.0,0,0.0,0.0,13.563107322324939
15.0,0,0.0,0.0,13.223708465074205
20.0,0,0.0,0.0,13.359750294343582
25.0,0,0.0,0.0,13.27816459924962
30.0,0,0.0,0.0,13.492187224010019
35.0,0,0.0,0.0,13.199833276595932
40.0,0,0.0,0.0,13.315405108127445
45.0,0,0.0,0.0,13.10926074090492
50.0,1,1.0,0.08333333333333333,11.763841309519945
55.0,3,9.0,0.75,9.295708034913366
60.0,3,24.0,2.0,7.271112464276636
65.0,6,46.0,3.8333333333333335,4.325924160881837
70.0,8,86.0,7.166666666666667,4.266823298267882
75.0,8,126.0,5.25,8.749129477736332
80.0,8,166.0,6.916666666666667,8.949657734403967
85.0,8,206.0,8.583333333333334,8.960751783206591
90.0,8,246.0,10.25,8.91440816740509
95.0,8,286.0,11.916666666666666,8.948236847925036
100.0,8,326.0,13.583333333333334,8.914173931840962
105.0,8,366.0,15.25,8.950762146828772
110.0,8,406.0,16.916666666666668,9.056688170777283
115.0,8,446.0,18.583333333333332,8.988316054205681
120.0,8,486.0,22.09090909090909,7.847487942271095
125.0,10,532.0,25.333333333333332,5.780369858064717
130.0,13,590.0,28.095238095238095,4.04960404506463
135.0,15,661.0,33.05,3.032582688982429
140.0,15,736.0,36.8,2.283959810429077
145.0,16,815.0,26.29032258064516,6.68222246829957
150.0,16,895.0,27.96875,6.588697352366625
155.0,16,975.0,30.46875,6.7193117806734755
160.0,16,1055.0,32.96875,6.717489977317791
165.0,16,1135.0,35.46875,6.692757957668846
170.0,16,1215.0,37.96875,6.646528862587046
175.0,16,1295.0,41.774193548387096,6.3620965281372985
180.0,12,1029.0,33.193548387096776,7.002551815834688
185.0,12,1089.0,35.12903225806452,7.963621784225697
190.0,12,1149.0,37.064516129032256,7.930253800417245
195.0,13,1211.0,39.064516129032256,7.2806721066845865
200.0,15,1281.0,42.7,5.658221574771752
205.0,17,1364.0,48.714285714285715,4.50530819801334
210.0,18,1454.0,51.92857142857143,4.443852245912333
215.0,20,1548.0,55.285714285714285,3.7109711992471253
220.0,20,1648.0,41.2,6.34468747481299
225.0,20,1748.0,43.7,6.4384258763601085
230.0,20,1848.0,46.2,6.497154364446297
235.0,20,1948.0,51.26315789473684,5.9154404533852905
240.0,20,2048.0,53.89473684210526,5.972068163553692
245.0,20,2148.0,59.666666666666664,5.579246893632262
250.0,20,2248.0,64.22857142857143,5.336059213528533
255.0,10,946.0,27.02857142857143,6.733356512287002
260.0,8,890.0,26.176470588235293,8.996506941147155
265.0,10,934.0,27.470588235294116,9.19354988827611
270.0,10,984.0,29.818181818181817,8.340985723181179
275.0,13,1044.0,31.636363636363637,7.839280295440159
280.0,14,1110.0,33.63636363636363,6.6846228751362835
285.0,16,1186.0,37.0625,6.239121115574902
290.0,18,1272.0,28.90909090909091,8.088140569747885
295.0,18,1362.0,30.954545454545453,8.165944044141328
300.0,18,1452.0,33.0,8.122588376659554
305.0,18,1542.0,36.714285714285715,7.7056908226573455
310.0,18,1632.0,41.84615384615385,7.095714060614662
315.0,18,1722.0,44.15384615384615,7.115351093744975
320.0,18,1812.0,51.77142857142857,6.549568335728371
325.0,18,1902.0,54.34285714285714,6.5032877642283315
330.0,18,1992.0,58.588235294117645,6.319334623677566
335.0,18,2082.0,61.23529411764706,6.134373503398141
340.0,22,2177.0,68.03125,3.577836685265259
345.0,23,2292.0,76.4,2.2781237007442754
350.0,24,2412.0,80.4,2.0898001338486707
355.0,26,2539.0,84.63333333333334,1.5747700524075925
360.0,26,2669.0,88.96666666666667,1.7177796211550818
365.0,26,2799.0,66.64285714285714,4.954352678899782
370.0,26,2929.0,69.73809523809524,4.976396656327844
375.0,26,3059.0,72.83333333333333,4.939017011056573
380.0,26,3189.0,75.92857142857143,4.939142313424837
385.0,26,3319.0,79.02380952380952,4.951179538458083
390.0,26,3449.0,82.11904761904762,4.986168521996794
395.0,26,3579.0,85.21428571428571,4.918565147891072
400.0,26,3709.0,90.46341463414635,4.70739418909152
405.0,26,3839.0,95.975,4.514695204869785
410.0,26,3969.0,101.76923076923077,3.9137865762504638
415.0,27,4104.0,105.23076923076923,2.922264385912173
420.0,29,4247.0,111.76315789473684,2.375275318820005
425.0,32,4402.0,115.84210526315789,1.9724905883549422
430.0,33,4563.0,120.07894736842105,1.72919486377188
435.0,34,4729.0,94.58,3.9857105091769127
440.0,34,4899.0,97.98,4.157610066551779
445.0,28,3175.0,63.5,4.6620106115046545
450.0,22,2689.0,53.78,6.349270265931727
455.0,23,2801.0,56.02,6.284190408310681
460.0,26,2928.0,58.56,6.282655891551317
465.0,26,3058.0,61.16,6.268240684760188
470.0,26,3188.0,66.41666666666667,5.994703600966655
475.0,26,3318.0,69.125,5.9331590755640375
480.0,26,3448.0,73.36170212765957,5.793419475614019
485.0,27,3580.0,77.82608695652173,5.226756521616739
490.0,28,3717.0,80.80434782608695,4.028740533361698
495.0,32,3872.0,84.17391304347827,3.8593939442010465
500.0,32,4032.0,89.6,3.0009342034626405
505.0,34,4201.0,79.26415094339623,4.83185979478419
510.0,34,4371.0,85.70588235294117,4.317319705415217
515.0,34,4541.0,89.03921568627452,4.338528099149025
520.0,34,4711.0,92.37254901960785,4.391282582365974
525.0,34,4881.0,97.62,4.173797070211709
530.0,34,5051.0,101.02,4.274788115607553
535.0,34,5221.0,104.42,4.1953128626127505
540.0,34,5391.0,107.82,4.246073419833068
545.0,34,5561.0,113.48979591836735,3.9993957193953382
550.0,34,5731.0,116.95918367346938,3.9745670115474336
555.0,35,5903.0,120.46938775510205,3.073600243776942
560.0,38,6089.0,124.26530612244898,2.3860634305910304
565.0,40,6288.0,131.0,1.9108720797971503
570.0,41,6490.0,138.08510638297872,1.3187072523616585
575.0,42,6700.0,145.65217391304347,1.171140074010663
580.0,42,6910.0,119.13793103448276,3.665356025691643
585.0,42,7120.0,122.75862068965517,3.703668427097404
590.0,42,7330.0,126.37931034482759,3.705892469279309
595.0,42,7540.0,130.0,3.6873614578549767
600.0,42,7750.0,133.6206896551724,3.680179188684899
605.0,42,7960.0,137.24137931034483,3.68406423374121
610.0,42,8170.0,140.86206896551724,3.6972421057929523
615.0,42,8380.0,147.01754385964912,3.5597441163415744
620.0,42,8590.0,153.39285714285714,3.3635599432647516
625.0,42,8800.0,160.0,3.130019001496534
630.0,44,9013.0,166.90740740740742,1.381594249710597
635.0,49,9250.0,171.2962962962963,1.2018196587589738
640.0,50,9496.0,175.85185185185185,0.9821940954231584
645.0,50,9746.0,180.4814814814815,0.9596182709918012
650.0,50,9996.0,151.45454545454547,3.0350950240632817
655.0,50,10246.0,155.24242424242425,3.1822086347442453
660.0,50,10496.0,159.03030303030303,3.217925129456448
665.0,50,10746.0,162.8181818181818,3.211508990178197
670.0,50,10996.0,166.6060606060606,3.172911809754433
675.0,50,11246.0,170.3939393939394,3.2153949089361467
680.0,50,11496.0,174.1818181818182,3.214468167306561
685.0,50,11746.0,183.53125,2.9201621827650683
690.0,50,11996.0,187.4375,2.883441698077456
695.0,50,12246.0,191.34375,2.5117310124739105
700.0,52,12502.0,195.34375,1.7700410460056302
705.0,55,12773.0,199.578125,1.551065795492327
710.0,56,13053.0,207.1904761904762,1.0420362358269917
715.0,58,13338.0,211.71428571428572,0.9865270736682618
720.0,58,13628.0,219.80645161290323,0.8109407855368778
725.0,58,13918.0,188.0810810810811,2.8430089656635245
730.0,58,14208.0,192.0,2.8436855759415414
735.0,58,14498.0,195.9189189189189,2.86754087827682
740.0,58,14788.0,199.83783783783784,2.8735255753420477
745.0,58,15078.0,203.75675675675674,2.849632887318581
750.0,58,15368.0,207.67567567567568,2.817928136646396
755.0,58,15658.0,214.4931506849315,2.6572147819869714
760.0,58,15948.0,218.46575342465752,2.683449116438118
765.0,58,16238.0,222.43835616438355,2.6969059594660396
770.0,58,16528.0,229.55555555555554,2.0421462659797047
775.0,61,16828.0,237.01408450704224,1.5877511784183254
780.0,55,14125.0,198.94366197183098,1.055040180051468
785.0,52,12174.0,171.46478873239437,1.8859727723351078
790.0,50,12393.0,174.54929577464787,2.3423958009178363
795.0,57,12661.0,152.5421686746988,3.6539327634285703
800.0,59,12954.0,156.0722891566265,3.762778485798453
805.0,59,13249.0,159.6265060240964,3.7694018327685894
810.0,59,13544.0,163.18072289156626,3.742748292289281
815.0,59,13839.0,168.76829268292684,3.7127709849714745
820.0,59,14134.0,172.3658536585366,3.7159279917457533
825.0,59,14429.0,175.96341463414635,3.6928692513423638
830.0,59,14724.0,184.05,3.367090435935759
835.0,59,15019.0,187.7375,3.3933703191659235
840.0,59,15314.0,198.88311688311688,2.817511157743559
845.0,60,15613.0,205.43421052631578,2.1847791845861644
850.0,65,15928.0,218.1917808219178,1.0834781216797416
855.0,66,16256.0,225.77777777777777,0.8615868335285047
860.0,67,16590.0,233.66197183098592,0.6920924103499553
865.0,67,16925.0,206.40243902439025,2.543838844316876
870.0,67,17260.0,207.95180722891567,2.5725898482192364
875.0,67,17595.0,211.9879518072289,2.5982858547980903
880.0,67,17930.0,216.02409638554218,2.568373889474175
885.0,67,18265.0,220.06024096385542,2.585976625597716
890.0,67,18600.0,224.09638554216866,2.5674060093725024
895.0,67,18935.0,228.13253012048193,2.5675368088026223
900.0,67,19270.0,232.16867469879517,2.596207036726052
905.0,67,19605.0,236.20481927710844,2.495595691027187
910.0,68,19941.0,243.1829268292683,1.8981707577563902
915.0,70,20289.0,247.4268292682927,1.8822522942093822
920.0,71,20640.0,254.8148148148148,1.3981655494452245
925.0,73,21001.0,265.8354430379747,0.6954915832325193
930.0,74,21371.0,270.5189873417722,0.6860620372890534
935.0,75,21746.0,275.26582278481015,0.6751999981919518
940.0,75,22121.0,243.0879120879121,2.2692013314878294
945.0,75,22496.0,247.2087912087912,2.299514637602315
950.0,75,22871.0,251.32967032967034,2.258764861787757
955.0,75,23246.0,255.45054945054946,2.256982913768436
960.0,75,23621.0,259.57142857142856,2.2645737610400336
965.0,75,23996.0,263.6923076923077,2.2946769829748543
970.0,75,24371.0,267.8131868131868,2.260247213244659
975.0,75,24746.0,274.9555555555556,2.1569463645353797
980.0,75,25121.0,285.46590909090907,1.8683809423225222
985.0,75,25496.0,289.72727272727275,1.7009590528623482
990.0,77,25877.0,294.0568181818182,1.357682152315962
995.0,80,26269.0,301.9425287356322,0.8090798572400009
1000.0,82,26674.0,306.5977011494253,0.5816179692715079
1005.0,82,27084.0,311.3103448275862,0.5942494328274048
1010.0,83,27498.0,277.75757575757575,2.0883555752643486
1015.0,65,16879.0,170.4949494949495,2.6922925230074655
1020.0,45,10917.0,110.27272727272727,4.9734547679169525
1025.0,47,10032.0,101.33333333333333,5.002362638026012
1030.0,56,10301.0,104.05050505050505,4.7574133228576345
1035.0,62,10604.0,107.11111111111111,4.588076070670483
1040.0,64,10923.0,110.33333333333333,4.629294663540032
1045.0,64,11243.0,113.56565656565657,4.623545080806299
1050.0,64,11563.0,117.98979591836735,4.561104179343834
1055.0,65,11885.0,121.27551020408163,4.402690752833495
1060.0,65,12210.0,125.87628865979381,3.8363345058037233
1065.0,69,12548.0,132.0842105263158,3.530124668784119
1070.0,69,12893.0,138.63440860215053,2.9164399679885182
1075.0,72,13252.0,150.5909090909091,2.1631604455497255
1080.0,72,13612.0,166.0,1.5125889553931149
1085.0,72,13972.0,155.24444444444444,2.513449241542041
1090.0,72,14332.0,161.03370786516854,2.4186064113830064
1095.0,72,14692.0,166.95454545454547,2.3263831959395613
1100.0,72,15052.0,171.04545454545453,2.3841466055837572
1105.0,72,15412.0,175.13636363636363,2.3221167405295873
1110.0,72,15772.0,179.22727272727272,2.3565866389384484
1115.0,72,16132.0,183.3181818181818,2.3155753179727028
1120.0,72,16492.0,187.4090909090909,2.365226375870526
1125.0,72,16852.0,195.95348837209303,2.0698888046880453
1130.0,73,17214.0,200.1627906976744,1.6106650754422274
1135.0,76,17588.0,204.51162790697674,1.2352065626402995
1140.0,78,17975.0,213.98809523809524,0.8593430156906039
1145.0,78,18365.0,218.63095238095238,0.5506978456639358
1150.0,80,18762.0,223.35714285714286,0.5972755533646014
1155.0,80,19162.0,199.60416666666666,2.1276893127804133
1160.0,80,19562.0,203.77083333333334,2.1881476728920086
1165.0,80,19962.0,207.9375,2.231619614763597
1170.0,80,20362.0,212.10416666666666,2.206701618631365
1175.0,80,20762.0,216.27083333333334,2.2085302894136833
1180.0,80,21162.0,220.4375,2.218048769716527
1185.0,80,21562.0,224.60416666666666,2.1713275650625046
1190.0,80,21962.0,228.77083333333334,2.2119654183617716
1195.0,80,22362.0,232.9375,2.2066572700061413
1200.0,81,22763.0,242.1595744680851,1.7281368894981115
1205.0,83,23171.0,246.5,1.29321181737752
1210.0,86,23593.0,256.44565217391306,0.7193856865352717
1215.0,87,24028.0,261.17391304347825,0.6790510714385302
1220.0,88,24467.0,265.94565217391306,0.5317132456822296
1225.0,88,24907.0,241.81553398058253,2.0785047540769885
1230.0,88,25347.0,243.72115384615384,2.157699095717037
1235.0,88,25787.0,247.95192307692307,2.143291128523493
1240.0,70,22529.0,216.625,2.7211442693875765
1245.0,57,20544.0,197.53846153846155,4.5428010343639365
1250.0,52,19699.0,191.25242718446603,4.8604988924001935
1255.0,60,19982.0,194.0,4.678596105067954
1260.0,66,20297.0,198.99019607843138,4.45676432611173
1265.0,68,20637.0,202.3235294117647,4.442092420837312
1270.0,68,20977.0,205.65686274509804,4.141643719313118
1275.0,72,21329.0,211.17821782178217,3.687085967925637
1280.0,74,21692.0,214.77227722772278,3.5280614009630806
1285.0,75,22063.0,220.63,3.289615190477173
1290.0,76,22439.0,224.39,3.2229142289684374
1295.0,76,22819.0,230.4949494949495,3.095615052574832
1300.0,76,23199.0,220.94285714285715,3.634593055653388
1305.0,76,23579.0,243.08247422680412,2.836197915601552
1310.0,76,23959.0,260.42391304347825,2.3925900401781446
1315.0,76,24339.0,264.55434782608694,2.3484048164579763
1320.0,76,24719.0,268.6847826086956,2.373133805262679
1325.0,76,25099.0,275.8131868131868,2.2471704774308217
1330.0,76,25479.0,279.989010989011,2.16887739799034
1335.0,76,25859.0,284.16483516483515,2.2012918576736067
1340.0,76,26239.0,294.82022471910113,1.7692523097863166
1345.0,79,26627.0,302.57954545454544,1.1219340866084442
1350.0,81,27030.0,307.15909090909093,0.8480304515361454
1355.0,82,27439.0,311.8068181818182,0.7514726048356891
1360.0,83,27851.0,316.4886363636364,0.6270812417484374
1365.0,83,28266.0,321.20454545454544,0.6902842366729529
1370.0,83,28681.0,286.81,2.1171857082116503
1375.0,84,29100.0,291.0,2.1285674545264173
1380.0,84,29520.0,295.2,2.137761493177113
1385.0,84,29940.0,299.4,2.15904414303783
1390.0,84,30360.0,303.6,2.161106022061041
1395.0,84,30780.0,307.8,2.1589835229829952
1400.0,84,31200.0,312.0,2.145773856750882
1405.0,84,31620.0,316.2,2.1313096112925156
1410.0,84,32040.0,320.4,2.1185999105099653
1415.0,84,32460.0,331.2244897959184,1.7065821329692252
1420.0,89,32888.0,339.0515463917526,0.9763361570153205
1425.0,90,33337.0,347.2604166666667,0.6897369642520871
1430.0,92,33791.0,351.9895833333333,0.5806919144852939
1435.0,92,34251.0,356.78125,0.5882029811537769
1440.0,92,34711.0,361.5729166666667,0.574008017550797
1445.0,92,35171.0,325.6574074074074,1.933115422261216
1450.0,92,35631.0,329.9166666666667,1.9632322042948853
1455.0,92,36091.0,334.1759259259259,1.9533781743161216
1460.0,92,36551.0,338.43518518518516,1.9486133273388182
1465.0,92,37011.0,342.69444444444446,1.9435608561554263
1470.0,92,37471.0,346.9537037037037,1.9497628605089299
1475.0,92,37931.0,354.49532710280374,1.8473581067606344
1480.0,92,38391.0,362.1792452830189,1.716798338479729
1485.0,92,38851.0,370.0095238095238,1.4465653844513764
1490.0,94,39317.0,374.44761904761907,0.9537354592627796
1495.0,91,33642.0,323.4807692307692,0.9972746275456484
1500.0,81,26149.0,251.43269230769232,1.4633866886832683
1505.0,76,22460.0,215.96153846153845,1.7573945639496495
1510.0,72,21528.0,207.0,1.8951016871959363
1515.0,79,21911.0,188.88793103448276,2.9910857699207676
1520.0,85,22322.0,192.43103448275863,2.765300219968253
1525.0,91,22763.0,196.23275862068965,2.726793358527592
1530.0,92,23223.0,200.19827586206895,2.721567460691788
1535.0,92,23683.0,204.16379310344828,2.7266500249711867
1540.0,92,24143.0,208.1293103448276,2.722380579475284
1545.0,92,24603.0,212.0948275862069,2.7130079271162577
1550.0,92,25063.0,219.85087719298247,2.535382080439908
1555.0,92,25523.0,225.86725663716814,2.3222332803779158
1560.0,95,25988.0,234.12612612612614,1.7840441862632157
1565.0,95,26463.0,242.77981651376146,1.245579663438205
1570.0,98,26953.0,254.27358490566039,0.7983569336670417
1575.0,100,27449.0,258.95283018867923,0.6851096203853266
1580.0,100,27949.0,268.74038461538464,0.39323530537669055
1585.0,100,28449.0,247.38260869565218,1.7891696444271552
1590.0,100,28949.0,249.56034482758622,1.8363794453356586
1595.0,100,29449.0,253.8706896551724,1.863344236314055
1600.0,100,29949.0,258.1810344827586,1.8465278086185062
1605.0,100,30449.0,262.4913793103448,1.8600842557069517
1610.0,100,30949.0,266.80172413793105,1.8338499023070038
1615.0,100,31449.0,271.11206896551727,1.8565529890070211
1620.0,100,31949.0,275.42241379310343,1.8464244873036928
1625.0,100,32449.0,282.16521739130434,1.7506010106111671
1630.0,100,32949.0,289.0263157894737,1.4122882239980246
1635.0,104,33457.0,293.4824561403509,1.114092204841827
1640.0,89,29122.0,255.4561403508772,1.2726996477856325
1645.0,82,26065.0,230.6637168141593,2.477536741011086
1650.0,73,23317.0,208.1875,2.818692152134034
1655.0,74,23307.0,208.09821428571428,3.0683511955231415
1660.0,81,23699.0,191.1209677419355,3.818291503502677
1665.0,86,24118.0,194.5,3.8003214610846707
1670.0,89,24561.0,198.07258064516128,3.7516145383619075
1675.0,89,25006.0,201.66129032258064,3.76119100573034
1680.0,89,25451.0,206.91869918699186,3.6723846708951426
1685.0,89,25896.0,210.53658536585365,3.7013524549633177
1690.0,89,26341.0,214.15447154471545,3.7285675398598888
1695.0,89,26786.0,221.37190082644628,3.517616403145225
1700.0,90,27232.0,236.8,2.831239605677622
1705.0,90,27682.0,258.7102803738318,1.936506160041727
1710.0,92,28137.0,273.1747572815534,0.9106423313128026
1715.0,90,27361.0,268.2450980392157,0.6587777712469942
1720.0,83,25754.0,254.990099009901,1.2933667202041024
1725.0,75,24519.0,242.76237623762376,1.8588242021662935
1730.0,71,23932.0,211.78761061946904,3.267880607658818
1735.0,77,24302.0,215.06194690265488,3.1851018732962637
1740.0,83,24703.0,218.61061946902655,2.9579833343559465
1745.0,89,25135.0,222.43362831858408,2.92452671793974
1750.0,89,25580.0,226.3716814159292,2.896284431865932
1755.0,89,26025.0,230.30973451327435,2.9332468722785174
1760.0,83,26270.0,232.47787610619469,3.090267149535419
1765.0,73,26376.0,235.5,3.676900767745146
1770.0,68,26517.0,241.06363636363636,3.4487617917171134
1775.0,75,26878.0,248.87037037037038,2.7784239028878113
1780.0,83,27279.0,254.94392523364485,2.2445768509488584
1785.0,90,27717.0,271.7352941176471,1.3241643792504436
1790.0,91,28169.0,278.9009900990099,1.2880519346350863
1795.0,91,28624.0,283.4059405940594,1.291423586184596
1800.0,91,29079.0,287.91089108910893,1.2796314670176385
1805.0,91,29534.0,261.3628318584071,2.6097381891434526
1810.0,91,29989.0,265.3893805309734,2.6012243694722588
1815.0,91,30444.0,269.4159292035398,2.5858619137154015
1820.0,91,30899.0,278.3693693693694,2.405183189499111
1825.0,91,31354.0,285.03636363636366,2.3141645627034144
1830.0,91,31809.0,291.8256880733945,2.223242023566811
1835.0,91,32264.0,304.37735849056605,1.916984935690263
1840.0,91,32719.0,311.6095238095238,1.803440656785764
1845.0,92,33175.0,318.99038461538464,1.4161534290606357
1850.0,94,33640.0,323.46153846153845,1.091343523531482
1855.0,96,34116.0,331.22330097087377,0.7554925361676976
1860.0,97,34599.0,335.9126213592233,0.6242075121842161
1865.0,98,35088.0,340.6601941747573,0.49861015826157934
1870.0,99,35582.0,345.45631067961165,0.5230609062543932
1875.0,99,36077.0,313.7130434782609,1.767639294688673
1880.0,99,36572.0,318.0173913043478,1.8025130760197363
1885.0,99,37067.0,322.32173913043476,1.7926815690136026
1890.0,99,37562.0,326.62608695652176,1.78033172224298
1895.0,99,38057.0,330.9304347826087,1.77314029365614
1900.0,99,38552.0,335.23478260869564,1.7934445243212798
1905.0,99,39047.0,342.5175438596491,1.6820095563495372
1910.0,99,39542.0,346.859649122807,1.6805314143993453
1915.0,99,40037.0,357.4732142857143,1.3563562088746477
1920.0,100,40536.0,361.92857142857144,1.2659951802976495
1925.0,101,41039.0,369.72072072072075,1.0479313349912922
1930.0,105,41551.0,374.3333333333333,0.5514253601451488
1935.0,107,42080.0,379.0990990990991,0.42734297156182866
1940.0,107,42615.0,383.9189189189189,0.42483405784023376
1945.0,107,43150.0,353.6885245901639,1.6289060145721657
1950.0,107,43685.0,355.1626016260163,1.713336235313911
1955.0,107,44220.0,359.5121951219512,1.7288630728162675
1960.0,107,44755.0,363.8617886178862,1.720484554213502
1965.0,107,45290.0,368.2113821138211,1.742371430312526
1970.0,93,42716.0,347.2845528455285,2.2201905110279236
1975.0,83,39986.0,325.0894308943089,3.3237662345527923
1980.0,75,37335.0,303.5365853658537,3.5745010412803127
1985.0,77,36943.0,302.8114754098361,3.5043873378954102
1990.0,83,37343.0,308.6198347107438,2.963679382072445
1995.0,90,37782.0,312.24793388429754,2.6316045906800998
2000.0,98,38259.0,316.1900826446281,2.301726465875032
2005.0,100,38758.0,320.31404958677683,2.2875486542900814
2010.0,101,39260.0,324.46280991735534,2.22278934156084
2015.0,101,39765.0,328.6363636363636,2.210063906181077
2020.0,101,40270.0,307.40458015267177,3.002925906041682
2025.0,101,40775.0,326.2,2.4891689798719985
2030.0,101,41280.0,338.3606557377049,2.2099835038258546
2035.0,101,41785.0,351.1344537815126,1.9329471116598396
2040.0,101,42290.0,355.3781512605042,1.9622072202760505
2045.0,101,42795.0,362.6694915254237,1.8630527225826565
2050.0,101,43300.0,373.2758620689655,1.6413284389916452
2055.0,101,43805.0,384.2543859649123,1.4586442873070253
2060.0,101,44310.0,388.6842105263158,1.3498838740328087
2065.0,102,44820.0,396.6371681415929,1.0406726057055324
2070.0,104,45337.0,401.21238938053096,0.659810697422042
2075.0,108,45872.0,405.94690265486724,0.5079885426546932
2080.0,109,46415.0,410.75221238938053,0.39588824494567704
2085.0,109,46960.0,415.57522123893807,0.33927230802142627
2090.0,109,47505.0,380.04,1.6184408528691743
2095.0,109,48050.0,384.4,1.6511466363411527
2100.0,109,48595.0,388.76,1.6399321217972445
2105.0,109,49140.0,393.12,1.6416054650773886
2110.0,109,49685.0,397.48,1.645832170111652
2115.0,109,50230.0,401.84,1.6504554241966116
2120.0,109,50775.0,406.2,1.6421090942442076
2125.0,109,51320.0,410.56,1.6492778718620198
2130.0,109,51865.0,418.26612903225805,1.5276457016262666
2135.0,109,52410.0,422.66129032258067,1.365638130311324
2140.0,111,52962.0,427.11290322580646,1.2046759764716484
2145.0,113,53522.0,435.1382113821138,0.72402797119073
2150.0,116,54097.0,439.8130081300813,0.5824122311713583
2155.0,117,54682.0,448.21311475409834,0.5615869242863879
2160.0,117,55267.0,456.75206611570246,0.46657622073068755
2165.0,111,47605.0,357.9323308270677,1.7440610169918327
2170.0,101,34959.0,262.8496240601504,2.365644039788244
2175.0,93,26247.0,197.34586466165413,2.7127147795837896
2180.0,91,20405.0,153.42105263157896,2.7016622051260333
2185.0,89,17591.0,133.2651515151515,2.615851994331947
2190.0,89,17041.0,129.09848484848484,2.621562979082773
2195.0,94,17501.0,132.58333333333334,2.4790678858925683
2200.0,101,17994.0,137.3587786259542,2.222302264556296
2205.0,108,18521.0,141.38167938931298,2.0908387546251004
2210.0,110,19070.0,146.69230769230768,1.8700899838017786
2215.0,112,19628.0,150.98461538461538,1.5892405046094247
2220.0,114,20194.0,155.33846153846153,1.4324046805841055
2225.0,117,20774.0,163.5748031496063,1.0191672697644802
2230.0,117,21359.0,175.0737704918033,0.5277251250297648
2235.0,117,21944.0,163.76119402985074,1.71956782568877
2240.0,117,22529.0,169.39097744360902,1.6659460465033302
2245.0,117,23114.0,173.78947368421052,1.6516626874767382
2250.0,117,23699.0,178.18796992481202,1.677362160949043
2255.0,117,24284.0,182.58646616541353,1.6869454862738893
2260.0,117,24869.0,186.98496240601503,1.6758914623710541
2265.0,117,25454.0,191.38345864661653,1.68317242152463
2270.0,117,26039.0,198.7709923664122,1.3513717055623413
2275.0,119,26630.0,203.2824427480916,1.2152386063346363
2280.0,121,27227.0,207.83969465648855,0.8096920918756639
2285.0,124,27843.0,214.1769230769231,0.5799456941618661
2290.0,124,28463.0,218.94615384615383,0.5778899552460967
2295.0,125,29084.0,225.45736434108528,0.4112490700939159
2300.0,125,29709.0,230.30232558139534,0.3440498657589064
2305.0,109,26788.0,191.34285714285716,1.9065143624199514
2310.0,99,24090.0,170.85106382978722,3.0998616466810467
2315.0,95,22019.0,156.1631205673759,3.35928443294945
2320.0,91,20280.0,143.82978723404256,3.3845772776643543
2325.0,96,20557.0,145.79432624113474,3.347379069772558
2330.0,101,21054.0,149.31914893617022,3.137937671846438
2335.0,109,21586.0,154.18571428571428,3.0231691471098143
2340.0,109,22131.0,158.07857142857142,2.9996925133644914
2345.0,110,22678.0,161.9857142857143,2.762878065274765
2350.0,111,23232.0,167.13669064748203,2.566183040137764
2355.0,114,23796.0,171.19424460431654,2.358074587975263
2360.0,114,24366.0,177.85401459854015,2.095347774860188
2365.0,116,24941.0,191.85384615384615,1.2675931431895522
2370.0,117,25526.0,207.52845528455285,0.6050228318608815
2375.0,117,26111.0,215.79338842975207,0.4542855262191685
2380.0,117,26696.0,200.7218045112782,1.5803863252997854
2385.0,117,27281.0,205.1203007518797,1.6086694859027242
2390.0,117,27866.0,209.5187969924812,1.5721979255967806
2395.0,117,28451.0,213.91729323308272,1.5650370807971028
2400.0,117,29036.0,219.96969696969697,1.4611677999371047
2405.0,117,29621.0,224.40151515151516,1.4758844356975627
2410.0,117,30206.0,228.83333333333334,1.4854454796140937
2415.0,117,30791.0,233.2651515151515,1.4859411665782256
2420.0,117,31376.0,239.5114503816794,1.205975753015899
2425.0,120,31969.0,245.91538461538462,0.8203635560345737
2430.0,122,32577.0,250.59230769230768,0.6961451001838738
2435.0,118,29202.0,226.37209302325581,0.5267803307862563
2440.0,110,23163.0,179.5581395348837,0.8921587004396951
2445.0,101,17936.0,139.03875968992247,1.2540067221662636
2450.0,100,16439.0,116.58865248226951,2.532951122772698
2455.0,99,16506.0,117.06382978723404,2.6296621875717676
2460.0,106,17025.0,120.74468085106383,2.442478984211858
2465.0,114,17582.0,124.69503546099291,2.32338004004118
2470.0,111,18021.0,127.80851063829788,2.507246232311811
2475.0,101,18353.0,130.1631205673759,3.067328026884964
2480.0,95,18699.0,132.61702127659575,3.2311898381135813
2485.0,94,19067.0,135.22695035460993,3.178989573782072
2490.0,104,19564.0,139.74285714285713,2.7651531570810075
2495.0,110,20099.0,146.7080291970803,2.2582740712293954
2500.0,115,20666.0,153.0814814814815,1.8039239170506096
2505.0,117,21248.0,159.7593984962406,1.3812916663036956
2510.0,118,21835.0,169.26356589147287,1.1135006559986196
2515.0,118,22425.0,173.8372093023256,1.1293778711008884
2520.0,118,23015.0,178.4108527131783,1.1269895369581728
2525.0,118,23605.0,169.82014388489208,1.9557455462400513
2530.0,118,24195.0,175.32608695652175,1.86512153507914
2535.0,118,24785.0,182.24264705882354,1.7122399917121345
2540.0,118,25375.0,187.96296296296296,1.6286869979661254
2545.0,118,25965.0,193.76865671641792,1.549164507534512
2550.0,118,26555.0,198.17164179104478,1.5722663831784947
2555.0,118,27145.0,202.57462686567163,1.579948794092619
2560.0,118,27735.0,208.53383458646616,1.4788329982020827
2565.0,119,28326.0,214.5909090909091,1.086327140188066
2570.0,122,28930.0,219.16666666666666,0.9189305189651101
2575.0,122,29540.0,225.49618320610688,0.7446141125281093
2580.0,124,30156.0,230.19847328244273,0.5460064830323104
2585.0,126,30782.0,236.7846153846154,0.37790292499803335
2590.0,126,31412.0,241.63076923076923,0.35412271244686516
2595.0,126,32042.0,225.64788732394365,1.47269192642353
2600.0,126,32672.0,230.08450704225353,1.5042570475001618
2605.0,126,33302.0,234.5211267605634,1.4905412884753442
2610.0,126,33932.0,238.95774647887325,1.506292332891072
2615.0,126,34562.0,243.3943661971831,1.5069551590098496
2620.0,126,35192.0,247.83098591549296,1.498231937761493
2625.0,126,35822.0,254.05673758865248,1.4060741566874728
2630.0,126,36452.0,258.5248226950355,1.4222667096919341
2635.0,126,37082.0,262.9929078014184,1.2608407687158187
2640.0,128,37719.0,269.4214285714286,0.9394712354968504
2645.0,132,38370.0,276.0431654676259,0.6549830470401098
2650.0,133,39032.0,280.80575539568343,0.47606424997736174
2655.0,134,39702.0,285.62589928057554,0.380820495469492
2660.0,134,40372.0,292.5507246376812,0.3780686645742855
2665.0,134,41042.0,275.4496644295302,1.4125295610981463
2670.0,134,41712.0,278.08,1.4474744023964428
2675.0,134,42382.0,282.5466666666667,1.4350255078210494
2680.0,134,43052.0,287.0133333333333,1.4282193850677458
2685.0,134,43722.0,291.48,1.4476011924516718
2690.0,134,44392.0,295.94666666666666,1.4467627962625584
2695.0,134,45062.0,300.41333333333336,1.439621300809675
2700.0,134,45732.0,306.9261744966443,1.363437220637463
2705.0,134,46402.0,313.52702702702703,1.2268267864867297
2710.0,138,47079.0,318.10135135135135,0.8150774895476502
2715.0,140,47776.0,322.81081081081084,0.6899466162145137
2720.0,140,48476.0,332.027397260274,0.4718234637495553
2725.0,141,49177.0,336.82876712328766,0.36476793897969023
2730.0,142,49884.0,341.67123287671234,0.36802677906019526
2735.0,142,50594.0,346.5342465753425,0.3742811213919198
2740.0,142,51304.0,324.7088607594937,1.3560244756777702
2745.0,142,52014.0,329.2025316455696,1.3804492053441118
2750.0,142,52724.0,333.69620253164555,1.3756578512788342
2755.0,142,53434.0,338.1898734177215,1.3724101658005117
2760.0,142,54144.0,342.6835443037975,1.3727992543475576
2765.0,142,54854.0,347.17721518987344,1.3784282455604835
2770.0,142,55564.0,351.67088607594934,1.3560802976966069
2775.0,143,56276.0,358.4458598726115,1.127646305069301
2780.0,138,55196.0,353.8205128205128,1.058014195953982
2785.0,130,52914.0,341.3806451612903,1.340957975690339
2790.0,125,51203.0,332.487012987013,1.4118057630937502
2795.0,123,50621.0,328.7077922077922,1.3471254751789925
2800.0,129,51253.0,332.81168831168833,1.301665504563396
2805.0,136,51920.0,337.14285714285717,1.0521265329212492
2810.0,142,52621.0,316.99397590361446,1.9138616752252497
2815.0,142,53331.0,321.2710843373494,1.9005069535506713
2820.0,142,54041.0,325.54819277108436,1.9060556456321256
2825.0,142,54751.0,329.82530120481925,1.9143881948381678
2830.0,142,55461.0,334.1024096385542,1.9089120895339446
2835.0,142,56171.0,338.37951807228916,1.9071794461601719
2840.0,142,56881.0,344.73333333333335,1.8264882518158778
2845.0,142,57591.0,364.5,1.165139998111339
2850.0,144,58310.0,373.78205128205127,0.9699147950677787
2855.0,144,59030.0,380.83870967741933,0.7026367354998472
2860.0,147,59760.0,385.5483870967742,0.6012490276402747
2865.0,148,60496.0,390.2967741935484,0.5336712602457194
2870.0,148,61236.0,397.6363636363636,0.3504956514552968
2875.0,143,61478.0,399.2077922077922,0.39585606412148344
2880.0,135,61381.0,398.5779220779221,0.9182835915157606
2885.0,128,61374.0,369.72289156626505,1.9683818264052688
2890.0,132,61913.0,372.9698795180723,2.0109318296174075
2895.0,138,62589.0,377.0421686746988,1.8355538220208183
2900.0,143,63293.0,381.2831325301205,1.8224450165033474
2905.0,143,64008.0,385.5903614457831,1.8200056419280195
2910.0,143,64723.0,389.8975903614458,1.8162854999596834
2915.0,143,65438.0,394.2048192771084,1.7868596290554535
2920.0,144,66155.0,400.93939393939394,1.5702059614265373
2925.0,146,66881.0,405.3393939393939,1.461115492530713
2930.0,147,67613.0,412.2743902439024,1.2216912276824254
2935.0,149,68353.0,416.7865853658537,1.0441614396301158
2940.0,151,69103.0,431.89375,0.6397598913834195
2945.0,151,69858.0,439.35849056603774,0.6286600330739993
2950.0,151,70613.0,446.9177215189873,0.5645434172201238
2955.0,151,71368.0,427.3532934131737,1.253113818397424
2960.0,151,72123.0,431.874251497006,1.304090657672715
2965.0,151,72878.0,436.3952095808383,1.3001559387390784
2970.0,151,73633.0,440.91616766467064,1.2857445565044174
2975.0,151,74388.0,445.437125748503,1.286111419654924
2980.0,151,75143.0,449.9580838323353,1.2999497952052839
2985.0,151,75898.0,454.47904191616766,1.3010750826789987
2990.0,151,76653.0,461.76506024096386,1.1036067436025525
2995.0,154,77416.0,469.1878787878788,0.8633725309129445
3000.0,155,78188.0,476.7560975609756,0.6424287488293684
3005.0,156,78966.0,481.5,0.5938759488486475
3010.0,156,79746.0,489.23926380368096,0.39385782442061384
3015.0,159,80534.0,494.07361963190186,0.3408190720751862
3020.0,159,81329.0,498.9509202453988,0.33587187226709064
3025.0,159,82124.0,471.97701149425285,1.1737782263251075
3030.0,153,82047.0,468.84,1.317242932823096
3035.0,143,81377.0,465.01142857142855,1.8430908775457429
3040.0,137,81284.0,464.48,2.080378647306375
3045.0,141,81941.0,468.2342857142857,1.994166166064874
3050.0,147,82666.0,472.37714285714287,1.8841107141390427
3055.0,151,83417.0,479.4080459770115,1.7809649409154262
3060.0,151,84172.0,483.7471264367816,1.7840148192402216
3065.0,152,84928.0,490.91329479768785,1.519923080563293
3070.0,154,85696.0,495.35260115606934,1.4059617339935797
3075.0,155,86469.0,502.7267441860465,1.2723497136263724
3080.0,155,87244.0,510.19883040935673,1.185228610550805
3085.0,157,88026.0,520.8639053254437,0.9325176821071323
3090.0,157,88811.0,538.2484848484848,0.6019132166983694
3095.0,157,89596.0,546.3170731707318,0.46956256257638807
3100.0,158,90386.0,516.4914285714286,1.2671047269050326
3105.0,159,91180.0,521.0285714285715,1.2299511466522453
3110.0,159,91975.0,525.5714285714286,1.232775631198013
3115.0,159,92770.0,530.1142857142858,1.228384302277669
3120.0,159,93565.0,534.6571428571428,1.2328172008489846
3125.0,159,94360.0,542.2988505747127,1.1596145462541692
3130.0,159,95155.0,550.028901734104,1.073013350273317
3135.0,159,95950.0,554.6242774566474,0.9876266798138482
3140.0,161,96751.0,559.2543352601156,0.9238543446726388
3145.0,163,97560.0,563.9306358381502,0.7792729783445215
3150.0,163,98375.0,571.9476744186046,0.5307702579818723
3155.0,166,99201.0,580.1228070175439,0.2998116196493013
3160.0,167,100036.0,585.0058479532164,0.31574315490152693
3165.0,167,100871.0,589.8888888888889,0.329684132276769
3170.0,167,101706.0,555.7704918032787,1.1683024914101585
3175.0,167,102541.0,560.3333333333334,1.1775046988517832
3180.0,167,103376.0,564.896174863388,1.1785259571674755
3185.0,167,104211.0,572.5879120879121,1.0649872965921303
3190.0,167,105046.0,577.1758241758242,1.0800213600884911
3195.0,167,105881.0,581.7637362637363,1.0772605448489132
3200.0,167,106716.0,586.3516483516484,1.083548651230873
3205.0,167,107551.0,590.9395604395604,1.0284929560978087
3210.0,168,108390.0,595.5494505494505,0.9192163314980909
3215.0,170,109235.0,603.5082872928177,0.7430892430732415
3220.0,171,110087.0,615.0111731843575,0.390993699994341
3225.0,167,104658.0,584.68156424581,0.39375624191831204
3230.0,159,95025.0,530.8659217877095,0.7688583912772744
3235.0,153,85369.0,476.9217877094972,0.8236331853378206
3240.0,153,79887.0,446.2960893854749,0.9324315557407067
3245.0,149,71280.0,373.1937172774869,1.763269724810425
3250.0,148,64557.0,337.9947643979058,1.7448892682481851
3255.0,146,59125.0,309.5549738219895,1.734708186358599
3260.0,145,57629.0,301.72251308900525,1.7534143778333962
3265.0,148,57817.0,302.70680628272254,1.7382915630000106
3270.0,154,58567.0,308.2473684210526,1.5487568324234258
3275.0,161,59356.0,312.4,1.4768088606062897
3280.0,167,60177.0,316.72105263157897,1.2776355044758556
3285.0,173,61030.0,322.9100529100529,1.0803449366684932
3290.0,175,61897.0,332.7795698924731,0.7095033764342248
3295.0,176,62776.0,343.0382513661202,0.4299891994809356
3300.0,176,63656.0,351.69060773480663,0.2943815661499558
3305.0,177,64540.0,356.57458563535914,0.2812259175250495
3310.0,177,65425.0,361.4640883977901,0.2884172940330906
3315.0,177,66310.0,343.57512953367876,1.0673413420974818
3320.0,171,66676.0,345.4715025906736,1.1790361767951905
3325.0,162,66768.0,345.9481865284974,1.6185744858066142
3330.0,156,66844.0,346.3419689119171,1.6809120047207948
3335.0,154,66988.0,347.0880829015544,1.7184360058742176
3340.0,150,67053.0,347.42487046632124,1.704521929244819
3345.0,149,67200.0,350.0,1.6079835004818708
3350.0,148,67271.0,352.2041884816754,1.3474830899102652
3355.0,152,67510.0,353.4554973821989,1.2679747416679759
3360.0,154,68113.0,356.6125654450262,1.2599301109620258
3365.0,160,68901.0,360.73821989528795,1.126976175168376
3370.0,167,69724.0,368.9100529100529,0.7964391521273841
3375.0,178,70593.0,377.50267379679144,0.5123254132481307
3380.0,179,71488.0,386.4216216216216,0.4039271879149645
3385.0,179,72383.0,371.1948717948718,1.0880571295160242
3390.0,179,73278.0,373.8673469387755,1.103077373644975
3395.0,179,74173.0,378.43367346938777,1.1144742734476318
3400.0,179,75068.0,384.9641025641026,1.0448948483333589
3405.0,179,75963.0,389.55384615384617,1.0533308872605338
3410.0,179,76858.0,394.14358974358976,1.0590844367166647
3415.0,179,77753.0,398.73333333333335,1.0563813512224436
3420.0,179,78648.0,403.32307692307694,1.043952597469842
3425.0,180,79544.0,407.9179487179487,0.8780022880398429
3430.0,182,80451.0,414.6958762886598,0.7634687215899799
3435.0,183,81362.0,421.56476683937825,0.48351453202524125
3440.0,186,82286.0,428.5729166666667,0.3160551007085572
3445.0,187,83221.0,433.4427083333333,0.3148734166635333
3450.0,187,84156.0,438.3125,0.3204285872802986
3455.0,187,85091.0,445.5026178010471,0.255110755416621
3460.0,187,86026.0,423.7733990147783,1.0366993169599736
3465.0,187,86961.0,428.37931034482756,1.045900362772907
3470.0,187,87896.0,432.98522167487687,1.0312768235657985
3475.0,181,87956.0,433.2807881773399,1.1622922436612817
3480.0,171,87427.0,430.67487684729065,1.539008271029578
3485.0,165,87153.0,431.4504950495049,1.7072314964667221
3490.0,161,86864.0,430.019801980198,1.6686927378363092
3495.0,160,86303.0,427.24257425742576,1.619368534773742
3500.0,161,86028.0,428.0,1.452730905342762
3505.0,158,85756.0,426.6467661691542,1.3948604271826235
3510.0,161,85725.0,426.4925373134328,1.1063842556714807
3515.0,169,86537.0,430.5323383084577,1.0913212617440298
3520.0,175,87398.0,434.81592039800995,0.9552954748299205
3525.0,181,88290.0,439.25373134328356,0.9232293895507377
3530.0,187,89216.0,422.82464454976304,1.4502394773761935
3535.0,187,90151.0,429.29047619047617,1.4140730435436781
3540.0,187,91086.0,444.3219512195122,1.1037277355896156
3545.0,187,92021.0,451.0833333333333,1.0673949037789305
3550.0,187,92956.0,457.9113300492611,1.0047462148377233
3555.0,187,93891.0,462.51724137931035,1.0057220656598453
3560.0,187,94826.0,469.43564356435644,0.9303922191360084
3565.0,187,95761.0,474.06435643564356,0.9514813190119406
3570.0,187,96696.0,483.48,0.623879129108377
3575.0,190,97646.0,488.23,0.5249041671458405
3580.0,192,98602.0,493.01,0.4743503751404576
3585.0,192,99562.0,500.3115577889447,0.302029512703276
3590.0,194,100532.0,505.1859296482412,0.2629465298064413
3595.0,194,101502.0,510.0603015075377,0.21361049578212882
3600.0,195,102476.0,514.9547738693467,0.24605063460681958
3605.0,195,103451.0,490.28909952606637,0.9735796603559056
3610.0,195,104426.0,494.90995260663504,0.986536466884518
3615.0,189,101960.0,483.22274881516586,1.0810253765666251
3620.0,180,97757.0,463.30331753554503,1.4631601515103285
3625.0,173,94676.0,448.70142180094786,1.6318937651862462
3630.0,172,94277.0,446.81042654028437,1.610758719863178
3635.0,177,95097.0,450.69668246445497,1.4570928877346891
3640.0,185,96004.0,454.9952606635071,1.2442397190520293
3645.0,192,96953.0,461.68095238095236,1.0727617206548654
3650.0,193,97916.0,468.4976076555024,0.905769844872829
3655.0,194,98886.0,473.1387559808612,0.8401637874365957
3660.0,179,78380.0,376.8269230769231,0.9506467766723626
3665.0,153,56559.0,271.9182692307692,2.045908706185541
3670.0,139,43343.0,209.38647342995168,2.398429970004056
3675.0,137,31578.0,145.52073732718895,2.9394585629654584
3680.0,134,20478.0,95.24651162790698,2.9793664848588453
3685.0,126,12255.0,57.26635514018692,3.1225616218446297
3690.0,121,6886.0,32.328638497652584,3.0408032407301606
3695.0,123,4958.0,23.38679245283019,3.026444958028112
3700.0,125,3795.0,17.900943396226417,3.0163093224345965
3705.0,136,4022.0,18.971698113207548,2.9061673790412086
3710.0,148,4732.0,22.42654028436019,2.629647862299414
3715.0,162,5512.0,26.373205741626794,2.361530783249563
3720.0,170,6339.0,31.38118811881188,1.7814124186205158
3725.0,174,7202.0,36.744897959183675,1.3630066424325096
3730.0,176,8076.0,42.282722513089006,0.9273032771225603
3735.0,177,8960.0,47.659574468085104,0.7222806457497489
3740.0,177,9845.0,53.21621621621622,0.5616105896985378
3745.0,177,10730.0,55.59585492227979,1.1369248636246576
3750.0,177,11615.0,60.181347150259064,1.1016584637099323
3755.0,177,12500.0,64.76683937823834,1.1151749730534155
3760.0,177,13385.0,69.35233160621762,1.1037577776164056
3765.0,177,14270.0,73.93782383419689,1.11488779309646
3770.0,177,15155.0,78.93229166666667,1.036115442361579
3775.0,177,16040.0,83.54166666666667,1.0381107775462148
3780.0,177,16925.0,88.15104166666667,0.9785461756117405
3785.0,178,17814.0,92.78125,0.8344015312220748
3790.0,180,18711.0,98.47894736842105,0.6586112589594488
3795.0,183,19615.0,103.78306878306879,0.41552881016280074
3800.0,183,20530.0,108.62433862433862,0.41106849864122275
3805.0,184,21446.0,113.47089947089947,0.2688603540840665
3810.0,184,22366.0,118.33862433862434,0.3461350227492969
3815.0,184,23286.0,123.2063492063492,0.29382365282007517
3820.0,185,24211.0,120.45273631840796,1.024321992199126
3825.0,185,25136.0,125.05472636815921,1.0670103957301889
3830.0,185,26061.0,129.65671641791045,1.0811163908478103
3835.0,185,26986.0,134.25870646766168,1.076495293119738
3840.0,185,27911.0,138.86069651741295,1.0568848149394947
3845.0,185,28836.0,143.46268656716418,1.0519551410406829
3850.0,167,26526.0,132.63,1.2997451021690003
3855.0,144,23269.0,116.92964824120602,2.291119767809759
3860.0,145,22590.0,114.0909090909091,2.205648861743928
3865.0,150,21786.0,110.03030303030303,2.138741473666388
3870.0,150,21169.0,107.45685279187818,1.9761582500589983
3875.0,150,20386.0,103.48223350253807,1.7700740300543396
3880.0,150,19788.0,100.44670050761421,1.819627600025904
3885.0,148,19329.0,98.11675126903553,1.8285756835902378
3890.0,153,20022.0,95.79904306220095,2.4707081810031855
3895.0,160,20810.0,99.56937799043062,2.3877534529708964
3900.0,167,21630.0,103.49282296650718,2.343441247722048
3905.0,173,22483.0,110.21078431372548,2.0320636117929713
3910.0,173,23348.0,118.51776649746193,1.6097571371862396
3915.0,173,24213.0,126.7696335078534,1.2439035571631496
3920.0,173,25078.0,131.29842931937173,1.2137004692631905
3925.0,174,25945.0,136.55263157894737,1.0306320363887844
3930.0,176,26819.0,141.8994708994709,0.8788675926430768
3935.0,176,27699.0,148.12299465240642,0.6920597214270999
3940.0,177,28583.0,153.6720430107527,0.5633811457411745
3945.0,179,29474.0,158.46236559139786,0.33017343396251236
3950.0,181,30377.0,163.31720430107526,0.33523921157311054
3955.0,181,31282.0,169.0918918918919,0.3065737850696263
3960.0,181,32187.0,173.9837837837838,0.3136549095843038
3965.0,181,33092.0,167.9796954314721,1.1302547841702015
3970.0,181,33997.0,172.5736040609137,1.137153259089137
3975.0,181,34902.0,177.16751269035532,1.1397776420063293
3980.0,181,35807.0,181.76142131979697,1.1304133635832798
3985.0,181,36712.0,186.35532994923858,1.1344250120976
3990.0,181,37617.0,191.9234693877551,1.060603445911221
3995.0,181,38522.0,197.54871794871795,0.904107096160515
4000.0,182,39432.0,203.2577319587629,0.7162255628662746
4005.0,185,40352.0,208.0,0.5540047369030706
4010.0,169,38583.0,199.9119170984456,0.7486026687729207
4015.0,154,37368.0,193.61658031088083,1.5842216424932305
4020.0,154,36843.0,190.89637305699483,1.5748736436146842
4025.0,153,36472.0,188.9740932642487,1.703515575923966
4030.0,149,35958.0,186.31088082901553,1.6821385530191555
4035.0,150,35588.0,173.6,2.3366351907463394
4040.0,147,35217.0,171.79024390243902,2.37393397506598
4045.0,146,35075.0,171.09756097560975,2.3657704991406283
4050.0,152,35817.0,174.7170731707317,2.257013042204859
4055.0,159,36589.0,178.48292682926828,2.205490164663726
4060.0,166,37400.0,182.4390243902439,2.1996122441378434
4065.0,170,38243.0,187.4656862745098,2.10596152554998
4070.0,170,39093.0,196.44723618090453,1.7956525639715009
4075.0,172,39946.0,205.90721649484536,1.3624349976851282
4080.0,175,40810.0,219.40860215053763,0.6968837702006215
4085.0,176,41687.0,225.33513513513515,0.5894909946007515
4090.0,170,39778.0,217.36612021857923,0.44318544796353987
4095.0,164,36012.0,197.86813186813185,0.6693081946678989
4100.0,155,33131.0,182.03846153846155,1.0065247862477202
4105.0,152,30667.0,158.89637305699483,1.8570529500260737
4110.0,153,30871.0,159.12886597938143,1.9012358197721713
4115.0,160,31654.0,163.16494845360825,1.7594503114721336
4120.0,165,32468.0,167.36082474226805,1.6951331146516213
4125.0,168,33305.0,171.67525773195877,1.6754310571478983
4130.0,170,34154.0,176.05154639175257,1.669261375293179
4135.0,170,35004.0,180.43298969072166,1.6769031473564076
4140.0,170,35854.0,184.81443298969072,1.4690346640080252
4145.0,173,36715.0,191.22395833333334,1.211544648944545
4150.0,174,37584.0,198.85714285714286,1.0009378945754044
4155.0,175,38456.0,205.64705882352942,0.776772054753347
4160.0,177,39333.0,212.61081081081082,0.5044390746726299
4165.0,177,40218.0,219.7704918032787,0.35402218150141984
4170.0,177,41103.0,224.60655737704917,0.33555979378569384
4175.0,178,41992.0,230.72527472527472,0.28181632696393444
4180.0,178,42882.0,221.04123711340208,1.0823848209804923
4185.0,178,43772.0,225.62886597938143,1.08606633016462
4190.0,178,44662.0,230.2164948453608,1.0730772086484819
4195.0,178,45552.0,234.8041237113402,1.0866625901964166
4200.0,178,46442.0,239.39175257731958,1.0911512973235529
4205.0,178,47332.0,243.97938144329896,1.0887749807822367
4210.0,178,48222.0,248.56701030927834,1.0900453779003993
4215.0,180,49116.0,253.17525773195877,0.8778498986107524
4220.0,181,50020.0,260.5208333333333,0.6975994818152639
4225.0,183,50929.0,265.2552083333333,0.44967412165342896
4230.0,185,51852.0,271.4764397905759,0.3694385259936983
4235.0,185,52777.0,276.3193717277487,0.292009315735263
4240.0,186,53707.0,281.18848167539267,0.3043908618149996
4245.0,186,54637.0,287.56315789473683,0.2491571164306891
4250.0,186,55567.0,275.08415841584156,0.9792383240075679
4255.0,186,56497.0,279.68811881188117,1.0310133123187937
4260.0,186,57427.0,284.2920792079208,1.0404408314391758
4265.0,186,58357.0,288.8960396039604,1.0499527790528003
4270.0,186,59287.0,293.5,1.0373081933963693
4275.0,186,60217.0,298.1039603960396,1.0352243670303551
4280.0,186,61147.0,302.7079207920792,1.028070908478733
4285.0,188,62081.0,307.33168316831683,0.8894927445830811
4290.0,189,63022.0,311.990099009901,0.748281953655051
4295.0,191,63973.0,316.6980198019802,0.6447528764889934
4300.0,191,64928.0,324.64,0.4910605069674929
4305.0,192,65888.0,329.44,0.4372456481169224
4310.0,193,66853.0,334.265,0.37557423810135715
4315.0,194,67819.0,340.79899497487435,0.3244587899446995
4320.0,194,68789.0,347.4191919191919,0.2590186590587958
4325.0,194,69759.0,332.1857142857143,0.9807418368612231
4330.0,194,70729.0,336.8047619047619,0.9804413965758505
4335.0,194,71699.0,341.4238095238095,0.993531055443507
4340.0,194,72669.0,346.04285714285714,0.9989751802808907
4345.0,194,73639.0,352.33971291866027,0.9181723597428837
4350.0,194,74609.0,356.98086124401914,0.9273757105753913
4355.0,194,75579.0,361.622009569378,0.8709943814175788
4360.0,196,76553.0,366.2822966507177,0.7804714866520206
4365.0,197,77537.0,370.99043062200957,0.6450783842866432
4370.0,199,78529.0,375.7368421052632,0.5218083808094972
4375.0,201,79529.0,384.19806763285027,0.37119093606266124
4380.0,201,80534.0,389.05314009661834,0.29678604915641593
4385.0,202,81543.0,395.8398058252427,0.23776371357991466
4390.0,202,82553.0,400.74271844660194,0.20895878517541247
4395.0,202,83563.0,383.3165137614679,0.9384415855080418
4400.0,202,84573.0,387.94954128440367,0.9519294721244416
4405.0,202,85583.0,392.58256880733944,0.9635295100343704
4410.0,202,86593.0,397.2155963302752,0.9586769333751343
4415.0,202,87603.0,401.848623853211,0.9597690996904242
4420.0,202,88613.0,408.35483870967744,0.8794339792126264
4425.0,202,89623.0,413.00921658986175,0.8861763079908677
4430.0,203,90634.0,417.66820276497697,0.7404036310154339
4435.0,206,91655.0,422.37327188940094,0.6096446992269613
4440.0,207,92687.0,427.1290322580645,0.5749715348230204
4445.0,207,93722.0,431.89861751152074,0.5488994997216647
4450.0,208,94761.0,438.7083333333333,0.3524373362512919
4455.0,209,95806.0,447.69158878504675,0.30275486560020115
4460.0,209,96851.0,452.5747663551402,0.26069134599018584
4465.0,204,95713.0,425.3911111111111,0.9812605050053836
4470.0,194,93105.0,411.96902654867256,1.3979631613151937
4475.0,189,91198.0,403.53097345132744,1.516295083049184
4480.0,185,88912.0,393.4159292035398,1.5191990604401855
4485.0,184,88795.0,392.89823008849555,1.520124056723891
4490.0,190,89694.0,396.87610619469024,1.4270639421796778
4495.0,196,90661.0,401.15486725663715,1.3435697748608724
4500.0,203,91664.0,405.5929203539823,1.256715164248395
4505.0,205,92686.0,413.7767857142857,1.066144878205495
4510.0,207,93714.0,420.2421524663677,0.9448959267140353
4515.0,207,94749.0,426.7972972972973,0.780865016168336
4520.0,208,95789.0,433.4343891402715,0.6959875095075526
4525.0,209,96831.0,442.1506849315069,0.5348363287367788
4530.0,210,97880.0,446.9406392694064,0.4968316183872602
4535.0,211,98933.0,458.02314814814815,0.3215854765311722
4540.0,211,99988.0,440.4757709251101,0.9704348136501416
4545.0,211,101043.0,445.12334801762114,0.9738828491689511
4550.0,211,102098.0,449.77092511013217,0.9756263170260234
4555.0,211,103153.0,454.4185022026432,0.9783160151910886
4560.0,211,104208.0,459.06607929515417,0.9779436374456713
4565.0,211,105263.0,465.7654867256637,0.8934353800577399
4570.0,213,106321.0,470.44690265486724,0.7268461727327588
4575.0,214,107391.0,477.29333333333335,0.6395100750664069
4580.0,214,108461.0,484.20089285714283,0.5421614112737593
4585.0,215,109536.0,491.19282511210764,0.440424668303545
4590.0,215,110611.0,496.0134529147982,0.33308517746369
4595.0,218,111696.0,500.8789237668162,0.3062644454011736
4600.0,218,112786.0,505.76681614349775,0.3153514479223102
4605.0,218,113876.0,510.6547085201794,0.3134964911114548
4610.0,219,114967.0,489.22127659574465,0.9057882470793565
4615.0,219,116059.0,493.868085106383,0.9186657510212634
4620.0,219,117154.0,498.5276595744681,0.9146487438821983
4625.0,219,118249.0,503.1872340425532,0.8900770054993968
4630.0,219,119344.0,507.8468085106383,0.9043038469261288
4635.0,219,120439.0,514.6965811965812,0.8329640281332895
4640.0,219,121534.0,521.6051502145923,0.7657143424375216
4645.0,219,122629.0,528.573275862069,0.6141477853877737
4650.0,221,123731.0,535.6320346320347,0.46712093315290315
4655.0,223,124845.0,540.4545454545455,0.3918918069046647
4660.0,226,125965.0,545.3030303030303,0.21989809832197837
4665.0,221,121185.0,524.6103896103896,0.2929484804587036
4670.0,211,112462.0,486.8484848484849,0.5809568654585852
4675.0,205,105668.0,457.43722943722946,0.7772131026837847
4680.0,200,97883.0,423.7359307359307,0.8791686947965881
4685.0,197,90087.0,370.7283950617284,1.5200940154113582
4690.0,197,84250.0,346.7078189300411,1.5216343789062408
4695.0,195,76462.0,314.65843621399176,1.5064175954989623
4700.0,192,70736.0,291.0946502057613,1.5042792055687202
4705.0,188,66419.0,273.3292181069959,1.595527993708264
4710.0,191,65932.0,271.32510288065845,1.635209218990613
4715.0,198,66705.0,274.5061728395062,1.4611864307803908
4720.0,204,67716.0,279.8181818181818,1.174205859315641
4725.0,214,68767.0,287.72803347280336,0.8364620428039704
4730.0,222,69857.0,297.26382978723404,0.5307090665737373
4735.0,221,70627.0,300.5404255319149,0.5284261667235521
4740.0,210,71132.0,306.6034482758621,0.5020288484401777
4745.0,206,71747.0,309.25431034482756,0.6676263872684728
4750.0,204,72280.0,311.55172413793105,0.7543853350623276
4755.0,202,72907.0,298.79918032786884,1.3566572052917774
4760.0,193,73275.0,300.30737704918033,1.452086345926286
4765.0,188,73697.0,302.03688524590166,1.6230027315055378
4770.0,191,74498.0,306.5761316872428,1.6101734056988044
4775.0,193,75226.0,309.57201646090533,1.5474129474339418
4780.0,202,76214.0,313.63786008230454,1.419559715028094
4785.0,211,77248.0,317.89300411522635,1.2489486079715555
4790.0,218,78325.0,322.32510288065845,1.1071561482921801
4795.0,223,79430.0,332.3430962343096,0.8034840595893871
4800.0,224,80548.0,337.02092050209205,0.7129903603678556
4805.0,226,81674.0,347.54893617021276,0.4349014407589157
4810.0,227,82806.0,353.87179487179486,0.32764323366401216
4815.0,228,83945.0,358.7393162393162,0.2644152773335136
4820.0,228,85085.0,366.74568965517244,0.2307631254872345
4825.0,228,86225.0,354.83539094650206,0.8313058067273424
4830.0,228,87365.0,358.0532786885246,0.8414302646644194
4835.0,228,88505.0,362.7254098360656,0.8443783568661613
4840.0,228,89645.0,367.3975409836066,0.8579153498118313
4845.0,228,90785.0,372.0696721311475,0.8517826949443935
4850.0,228,91925.0,376.7418032786885,0.8391299751231909
4855.0,228,93065.0,381.4139344262295,0.8516406465511234
4860.0,229,94206.0,386.09016393442624,0.7893459818153121
4865.0,229,95351.0,390.7827868852459,0.7460417105596746
4870.0,233,96504.0,397.1358024691358,0.5333595690470218
4875.0,234,97670.0,405.26970954356847,0.35937487228185305
4880.0,228,96406.0,401.69166666666666,0.2663247859773397
4885.0,222,93523.0,389.6791666666667,0.41809661947124765
4890.0,214,91020.0,379.25,0.5459901078636626
4895.0,213,88945.0,370.6041666666667,0.6903755519690763
4900.0,211,87712.0,348.06349206349205,1.290760388615915
4905.0,215,88188.0,349.95238095238096,1.266839635127011
4910.0,221,89274.0,354.26190476190476,1.2129251018858667
4915.0,226,90387.0,358.67857142857144,1.1684489071820325
4920.0,230,91529.0,363.21031746031747,1.1554602158532459
4925.0,230,92679.0,367.7738095238095,1.159153579500125
4930.0,230,93829.0,372.33730158730157,1.1125842700411748
4935.0,232,94983.0,376.9166666666667,0.9768736670764616
4940.0,235,96151.0,386.14859437751005,0.7409354366421844
4945.0,235,97326.0,395.6341463414634,0.538664454027298
4950.0,237,98506.0,403.71311475409834,0.3622805251429126
4955.0,237,99691.0,411.94628099173553,0.2128841143202389
4960.0,237,100876.0,416.8429752066116,0.24102372758199292
4965.0,238,102062.0,421.74380165289256,0.2206080565211648
4970.0,238,103252.0,406.503937007874,0.8164802355043503
4975.0,238,104442.0,411.18897637795277,0.8191840564046862
4980.0,238,105632.0,415.87401574803147,0.8254530605674316
4985.0,238,106822.0,420.5590551181102,0.8251972506628863
4990.0,238,108012.0,425.244094488189,0.8210585838514101
4995.0,238,109202.0,429.92913385826773,0.8144250269477257
5000.0,238,110392.0,434.61417322834643,0.7794567501477714
5005.0,222,94684.0,372.7716535433071,0.9510590960763184
5010.0,193,78355.0,309.70355731225294,1.8196658753985264
5015.0,193,71477.0,283.6388888888889,1.8965666107140124
5020.0,201,63665.0,253.64541832669323,1.5681414532054794
5025.0,206,55910.0,223.64,1.435751528173008
5030.0,204,49136.0,196.544,1.472775114878412
5035.0,202,41394.0,165.576,1.494020515390365
5040.0,200,35315.0,141.26,1.4331424566742972
5045.0,197,30570.0,116.6793893129771,1.9779855456355249
5050.0,197,29630.0,113.09160305343511,1.9893903261025563
5055.0,202,30299.0,115.64503816793894,1.9887813883924528
5060.0,208,31320.0,120.0,1.8844174829173936
5065.0,216,32379.0,127.47637795275591,1.487640843021824
5070.0,222,33466.0,136.04065040650406,1.0510059043771434
5075.0,228,34591.0,143.5311203319502,0.6468084133542965
5080.0,230,35737.0,149.52719665271965,0.449878826421916
5085.0,231,36889.0,154.99579831932772,0.3706393318861376
5090.0,231,38044.0,159.84873949579833,0.266981695601063
5095.0,233,39208.0,164.73949579831933,0.24705261068434453
5100.0,233,40373.0,169.6344537815126,0.25039350754753964
5105.0,233,41538.0,174.52941176470588,0.18941436423190755
5110.0,234,42704.0,179.42857142857142,0.18791653882091083
5115.0,234,43874.0,175.496,0.8177128151027464
5120.0,234,45044.0,180.176,0.8249025362562409
5125.0,234,46214.0,184.856,0.8204362589132064
5130.0,234,47384.0,189.536,0.823406670780296
5135.0,234,48554.0,194.216,0.8209254723377548
5140.0,234,49724.0,198.896,0.8238060962713346
5145.0,234,50894.0,203.576,0.7507060621349361
5150.0,236,52069.0,208.276,0.6976466345515239
5155.0,237,53252.0,213.008,0.624772337356498
5160.0,239,54442.0,218.6425702811245,0.45456050309726365
5165.0,240,55642.0,223.46184738955824,0.4313162816659537
5170.0,241,56843.0,230.13360323886639,0.23489671874628498
5175.0,242,58053.0,235.03238866396762,0.2428170839935175
5180.0,242,59263.0,240.90650406504065,0.21766205473512126
5185.0,242,60473.0,235.30350194552528,0.7955449064599431
5190.0,242,61683.0,239.08139534883722,0.8018856211910763
5195.0,242,62893.0,243.77131782945736,0.8254431021963516
5200.0,242,64103.0,248.46124031007753,0.8094269189394002
5205.0,242,65313.0,253.15116279069767,0.8249759988424914
5210.0,242,66523.0,257.8410852713178,0.8195352048482871
5215.0,242,67733.0,262.531007751938,0.7979448953269715
5220.0,244,68946.0,268.27237354085605,0.6537385223529709
5225.0,244,70166.0,273.0194552529183,0.6017473226255035
5230.0,247,71395.0,278.88671875,0.4715103278694058
5235.0,247,72630.0,284.8235294117647,0.367019667117774
5240.0,249,73871.0,289.69019607843137,0.2092146943618957
5245.0,250,75118.0,294.58039215686273,0.2651351662447605
5250.0,250,76368.0,300.66141732283467,0.22604733166709545
5255.0,250,77618.0,305.5826771653543,0.2227164699776606
5260.0,250,78868.0,296.49624060150376,0.8214589430447921
5265.0,250,80118.0,301.1954887218045,0.8180547735920547
5270.0,250,81368.0,305.89473684210526,0.8125614813271379
5275.0,250,82618.0,310.593984962406,0.8181563302272119
5280.0,250,83868.0,315.29323308270676,0.8129648707517975
5285.0,250,85118.0,321.2,0.6781170718103626
5290.0,252,86376.0,325.94716981132075,0.590273678444888
5295.0,254,87643.0,331.9810606060606,0.4675461221171758
5300.0,256,88915.0,338.07984790874525,0.3238564968559058
5305.0,256,90195.0,342.9467680608365,0.2905160558445874
5310.0,256,91475.0,347.81368821292773,0.3172180450536047
5315.0,256,92755.0,354.0267175572519,0.279058683988383
5320.0,256,94035.0,358.912213740458,0.2469668082694344
5325.0,258,95321.0,363.8206106870229,0.19607298131962
5330.0,258,96611.0,352.5948905109489,0.7755820380977112
5335.0,258,97901.0,357.3029197080292,0.7711902178235471
5340.0,258,99191.0,362.0109489051095,0.7749366687076651
5345.0,258,100481.0,366.7189781021898,0.7521602071149259
5350.0,258,101771.0,371.4270072992701,0.7654174081225303
5355.0,258,103061.0,376.1350364963504,0.7779063031799217
5360.0,258,104351.0,382.23809523809524,0.698688401621323
5365.0,260,105644.0,386.97435897435895,0.5841976236352727
5370.0,261,106948.0,393.19117647058823,0.4354599275018852
5375.0,264,108264.0,399.4981549815498,0.28180210748581813
5380.0,265,109588.0,404.38376383763836,0.24976631610366007
5385.0,266,110914.0,409.2767527675277,0.17929860129050645
5390.0,266,112244.0,414.1845018450185,0.23543575604809103
5395.0,266,113574.0,419.0922509225092,0.2382163420987886
5400.0,266,114904.0,424.0,0.23552318639851302
5405.0,266,116234.0,410.7208480565371,0.7947595327121426
5410.0,266,117564.0,415.42049469964667,0.7958951889815842
5415.0,266,118894.0,420.1201413427562,0.7880731249569215
5420.0,266,120224.0,424.81978798586573,0.7886722219653436
5425.0,266,121554.0,429.51943462897526,0.7912561798425116
5430.0,266,122884.0,434.2190812720848,0.6858915592732399
5435.0,269,124226.0,440.5177304964539,0.5641243172820695
5440.0,270,125574.0,446.88256227758006,0.5069105877717679
5445.0,271,126925.0,454.9283154121864,0.3679154437659867
5450.0,272,128281.0,461.4424460431655,0.2782468079095279
5455.0,272,129641.0,466.3345323741007,0.2181886279497071
5460.0,274,131007.0,471.2482014388489,0.1628055701047974
5465.0,274,132377.0,476.17625899280574,0.16514462971361576
5470.0,274,133747.0,481.1043165467626,0.18471808685617624
5475.0,274,135117.0,465.9206896551724,0.712974650539513
5480.0,274,136487.0,470.6448275862069,0.7359525397887942
5485.0,274,137857.0,475.3689655172414,0.7284712808875407
5490.0,268,135621.0,467.65862068965515,0.7856144807071317
5495.0,259,131567.0,453.67931034482757,1.0627596950887088
5500.0,255,127489.0,439.61724137931037,1.0848383055463224
5505.0,255,123422.0,427.06574394463667,0.9176310865394761
5510.0,253,119671.0,414.0865051903114,0.8211851617036482
5515.0,254,118307.0,409.3667820069204,0.7728572984980466
5520.0,255,118069.0,408.5432525951557,0.783613545384424
5525.0,257,119257.0,414.08680555555554,0.6511984536397009
5530.0,265,120570.0,418.6458333333333,0.5884651183872585
5535.0,273,121919.0,426.2902097902098,0.4064766370632594
5540.0,276,123289.0,431.0804195804196,0.45280906555290173
5545.0,276,124669.0,421.17905405405406,0.8934620428722558
5550.0,276,126049.0,425.8412162162162,0.8753117093995054
5555.0,276,127429.0,434.9112627986348,0.7406867849599867
5560.0,276,128809.0,441.1267123287671,0.7045541113771698
5565.0,276,130189.0,445.8527397260274,0.7180406650463466
5570.0,276,131569.0,450.57876712328766,0.6957215729940285
5575.0,277,132951.0,455.31164383561645,0.6309085799161553
5580.0,278,134339.0,460.0650684931507,0.5328415753680475
5585.0,280,135738.0,464.85616438356163,0.5275557395405795
5590.0,281,137139.0,469.65410958904107,0.48199540373167
5595.0,282,138546.0,474.472602739726,0.3935912886249965
5600.0,283,139960.0,484.29065743944636,0.21000907060256468
5605.0,283,141375.0,490.8854166666667,0.22800028765030284
5610.0,284,142791.0,495.8020833333333,0.1860692034086463
5615.0,284,144211.0,500.7326388888889,0.18425291863088353
5620.0,284,145631.0,485.43666666666667,0.7015970016051476
5625.0,284,147051.0,490.17,0.7010319031467706
5630.0,284,148471.0,494.9033333333333,0.6969037170930964
5635.0,284,149891.0,499.63666666666666,0.6956215952941415
5640.0,284,151311.0,504.37,0.6970734182503894
5645.0,285,152732.0,509.1066666666667,0.6479646590635678
5650.0,286,154158.0,515.5785953177258,0.5200417505572644
5655.0,288,155592.0,520.3745819397993,0.475867577382467
5660.0,289,157034.0,528.7340067340067,0.34629826527325835
5665.0,289,158479.0,533.5993265993266,0.30736933089856844
5670.0,290,159928.0,538.4781144781144,0.28023743683649066
5675.0,291,161381.0,543.3703703703703,0.20704550607140457
5680.0,292,162838.0,548.2760942760942,0.21668875510237315
5685.0,292,164298.0,555.0608108108108,0.16932736187035152
5690.0,292,165758.0,538.1753246753246,0.6893597717874602
5695.0,292,167218.0,542.9155844155844,0.6931180887957219
5700.0,292,168678.0,547.6558441558442,0.6895503103098404
5705.0,292,170138.0,552.3961038961039,0.688876258044888
5710.0,292,171598.0,557.1363636363636,0.6975559610569906
5715.0,292,173058.0,563.7068403908795,0.6118999974108461
5720.0,294,174523.0,568.4788273615635,0.46422456333382106
5725.0,290,174639.0,568.85667752443,0.5351711594456053
5730.0,280,173834.0,568.0849673202614,0.7220642233559957
5735.0,272,173233.0,566.1209150326797,0.8128621766464588
5740.0,273,173064.0,567.4229508196721,0.7313514674090947
5745.0,270,172255.0,564.7704918032787,0.7281687002427477
5750.0,268,171933.0,565.5690789473684,0.6392694238486877
5755.0,268,172274.0,566.6907894736842,0.6718622478231123
5760.0,274,173610.0,571.0855263157895,0.6369470392698758
5765.0,280,174996.0,553.7848101265823,1.0404002826242698
5770.0,287,176414.0,558.2721518987341,1.0070760037706534
5775.0,291,177860.0,562.8481012658228,0.9974490142796253
5780.0,292,179319.0,567.4651898734177,0.9921181740274604
5785.0,292,180779.0,579.4198717948718,0.8246920542195598
5790.0,292,182239.0,589.7702265372168,0.6396041064711931
5795.0,294,183708.0,596.4545454545455,0.566286749874613
5800.0,296,185184.0,601.2467532467532,0.5054308821957336
5805.0,296,186664.0,608.0260586319218,0.41509036437397445
5810.0,298,188152.0,616.8918032786885,0.2582522128936524
5815.0,299,189647.0,623.8388157894736,0.15628475435247421
5820.0,300,191144.0,628.7631578947369,0.17748271379319522
5825.0,300,192644.0,633.6973684210526,0.15134983683060182
5830.0,300,194144.0,638.6315789473684,0.1766250385203532
5835.0,300,195644.0,619.126582278481,0.6616626240408121
5840.0,300,197144.0,623.873417721519,0.6618222975023289
5845.0,300,198644.0,628.620253164557,0.6623826739291352
5850.0,300,200144.0,633.367088607595,0.6544465134727872
5855.0,300,201644.0,638.1139240506329,0.6615898708137262
5860.0,300,203144.0,642.8607594936709,0.5823862478456178
5865.0,302,204653.0,647.6360759493671,0.571857183945304
5870.0,304,206166.0,656.5796178343949,0.4165216891004179
5875.0,304,207686.0,661.4203821656051,0.4040954256474427
5880.0,305,209208.0,666.2675159235669,0.2925801300025928
5885.0,307,210741.0,673.2939297124601,0.21320617030723393
5890.0,308,212279.0,680.3814102564103,0.14104710483694885
5895.0,308,213819.0,685.3173076923077,0.16565078678141024
5900.0,308,215359.0,690.2532051282051,0.16648832420069398
5905.0,308,216899.0,671.5139318885449,0.6000112144228064
5910.0,308,218439.0,674.1944444444445,0.6349452461754843
5915.0,308,219979.0,678.9475308641976,0.6344727586146548
5920.0,308,221519.0,683.7006172839506,0.6250563463911334
5925.0,308,223059.0,688.4537037037037,0.6459076965397472
5930.0,308,224599.0,693.2067901234568,0.6255104052640585
5935.0,309,226142.0,697.9691358024692,0.578600340163084
5940.0,311,227691.0,702.75,0.4368802130292708
5945.0,313,229255.0,711.972049689441,0.34770908581811594
5950.0,313,230820.0,719.0654205607476,0.30590346999286505
5955.0,313,232385.0,723.9408099688474,0.2752893822734866
5960.0,310,232616.0,724.6604361370717,0.23915597702006436
5965.0,302,231950.0,722.5856697819314,0.40414701825553556
5970.0,296,231703.0,721.816199376947,0.45143969647986115
5975.0,291,231017.0,719.6791277258567,0.5359915381692842
5980.0,289,230773.0,695.0993975903615,0.9724526978481027
5985.0,288,230669.0,694.7861445783133,0.9712617583161675
5990.0,290,231368.0,696.8915662650602,0.9521504717254764
5995.0,295,232780.0,701.144578313253,0.9079604946886848
6000.0,302,234275.0,705.6475903614457,0.8552467876930829
6005.0,308,235800.0,710.2409638554217,0.7559129207448334
6010.0,314,237358.0,714.933734939759,0.696556144475725
6015.0,314,238928.0,719.6626506024096,0.6567735309150351
6020.0,315,240502.0,726.5921450151058,0.614062500780689
6025.0,315,242077.0,733.5666666666667,0.5007659455975725
6030.0,317,243661.0,747.4263803680982,0.3353940840288376
6035.0,317,245246.0,756.9320987654321,0.21270488915868457
6040.0,318,246836.0,766.5714285714286,0.15064773160435577
6045.0,318,248426.0,771.5093167701864,0.1662578289057269
6050.0,318,250016.0,748.5508982035929,0.6433367867395097
6055.0,318,251606.0,753.311377245509,0.663599154429995
6060.0,318,253196.0,758.0718562874251,0.6567877162697158
6065.0,318,254786.0,762.8323353293413,0.6547813712910264
6070.0,318,256376.0,767.5928143712575,0.6609666737599537
6075.0,318,257966.0,772.3532934131737,0.5473039986807543
6080.0,321,259568.0,779.4834834834835,0.4780905504627456
6085.0,305,241909.0,726.4534534534534,0.5372990866018112
6090.0,277,215094.0,645.927927927928,1.2086263581943195
6095.0,258,201210.0,606.0542168674699,1.3956656160540142
6100.0,264,192958.0,582.9546827794562,1.2459497045052914
6105.0,277,185833.0,563.130303030303,1.0870402171983553
6110.0,281,177700.0,538.4848484848485,1.043754404150758
6115.0,280,170634.0,517.0727272727273,1.0569706925110578
6120.0,278,162515.0,492.469696969697,1.0478339011832396
6125.0,276,154401.0,451.46491228070175,1.47120590223281
6130.0,276,147422.0,431.05847953216374,1.45505624425128
6135.0,274,142078.0,415.4327485380117,1.4713300331066288
6140.0,276,139461.0,410.1794117647059,1.3728752101901787
6145.0,273,138092.0,409.7685459940653,1.2172969688172444
6150.0,260,138205.0,421.3567073170732,1.0020834469871382
6155.0,239,137991.0,427.21671826625385,1.5294563347547763
6160.0,244,138512.0,430.16149068322983,1.5724620605000617
6165.0,261,139412.0,435.6625,1.2499311742499635
6170.0,268,140335.0,439.9216300940439,1.190075276927415
6175.0,270,141333.0,443.05015673981194,1.1608227675791898
6180.0,272,142335.0,446.19122257053294,1.0740675418737433
6185.0,268,143299.0,450.62578616352204,1.0556022649405523
6190.0,268,144264.0,453.66037735849056,1.0431094405420482
6195.0,267,145271.0,440.2151515151515,1.4665587320570996
6200.0,267,146277.0,443.26363636363635,1.4652883984611476
6205.0,265,147283.0,450.40672782874617,1.35069561256022
6210.0,262,148294.0,459.1145510835913,1.201829342205351
6215.0,270,149631.0,464.6925465838509,1.1517652510825351
6220.0,272,149492.0,473.0759493670886,0.905752324636123
6225.0,271,148625.0,477.89389067524115,0.8739335994970286
6230.0,271,147779.0,476.7064516129032,0.8436125259371884
6235.0,275,147207.0,476.3980582524272,0.7490959281250581
6240.0,273,146405.0,475.34090909090907,0.6830642208848514
6245.0,273,145945.0,475.39087947882734,0.6289622748326398
6250.0,272,146111.0,475.9315960912052,0.60270844659077
6255.0,279,147389.0,480.0944625407166,0.5116676512571333
6260.0,287,148807.0,486.297385620915,0.423551868660236
6265.0,292,150257.0,473.9968454258675,0.8729737597395077
6270.0,296,151727.0,477.12893081761007,0.8874653087267315
6275.0,296,153207.0,481.7830188679245,0.8852134961540034
6280.0,296,154687.0,489.51582278481015,0.8100005256806034
6285.0,296,156167.0,498.93610223642173,0.6868955214159196
6290.0,297,157649.0,503.6709265175719,0.6316549614342696
6295.0,298,159137.0,508.42492012779553,0.5545311940427867
6300.0,300,160633.0,513.2044728434505,0.4956496224611472
6305.0,301,162136.0,521.3376205787781,0.4050463115191563
6310.0,302,163642.0,526.1800643086817,0.35851985226210287
6315.0,302,165152.0,531.0353697749196,0.34305651037642476
6320.0,303,166663.0,537.6225806451613,0.24198564687980761
6325.0,304,168180.0,544.2718446601941,0.14781560877661576
6330.0,304,169700.0,549.1909385113269,0.1886298302635814
6335.0,304,171220.0,555.9090909090909,0.15749342033154756
6340.0,304,172740.0,539.8125,0.6166175788653302
6345.0,304,174260.0,544.5625,0.6350498698477829
6350.0,304,175780.0,549.3125,0.6265632452424892
6355.0,304,177300.0,554.0625,0.6303479235813254
6360.0,304,178820.0,558.8125,0.6096544177407729
6365.0,299,179531.0,561.034375,0.5716876618592333
6370.0,292,179698.0,561.55625,0.7833695773114826
6375.0,287,180107.0,562.834375,0.8739720552061236
6380.0,283,180381.0,563.690625,0.8304902174322804
6385.0,281,180658.0,566.3260188087775,0.8028483861724768
6390.0,278,180869.0,570.564668769716,0.6541219412940927
6395.0,283,182048.0,574.2839116719243,0.6452723902592173
6400.0,291,183486.0,578.8201892744479,0.5977589773531492
6405.0,299,184968.0,583.4952681388013,0.5041544461674334
6410.0,304,186475.0,566.7933130699088,0.9410160003755346
6415.0,305,187996.0,573.1585365853658,0.9108481457321589
6420.0,305,189521.0,579.5749235474007,0.8734732281551894
6425.0,305,191046.0,587.8338461538461,0.7946403828791045
6430.0,305,192571.0,592.5261538461539,0.7877805722719001
6435.0,305,194096.0,602.7826086956521,0.5987758713391349
6440.0,303,195247.0,608.2461059190031,0.55440597981227
6445.0,293,196134.0,612.91875,0.7617934438138958
6450.0,287,197111.0,615.971875,0.8891314181586513
6455.0,282,197968.0,618.65,0.8251709591899431
6460.0,279,198819.0,623.2570532915361,0.753998007397147
6465.0,281,199948.0,626.7962382445141,0.7232403501316921
6470.0,288,201360.0,635.205047318612,0.5337940594322066
6475.0,295,202820.0,639.8107255520505,0.5284183543156048
6480.0,300,204313.0,644.5205047318613,0.5035293923066898
6485.0,303,205820.0,625.5927051671732,0.9678176425456394
6490.0,305,207344.0,630.224924012158,0.962459186957518
6495.0,305,208869.0,634.8601823708207,0.962706545238093
6500.0,305,210394.0,643.4067278287462,0.8859747562859939
6505.0,305,211919.0,654.070987654321,0.6884919690211702
6510.0,308,213453.0,662.8975155279503,0.5350598915949091
6515.0,309,214998.0,669.7757009345794,0.4945527392466087
6520.0,309,216543.0,676.696875,0.4485052285758083
6525.0,309,218088.0,683.6614420062696,0.39572148504164695
6530.0,310,219635.0,690.6761006289308,0.30776670482660656
6535.0,311,221189.0,697.7570977917981,0.14423411224509933
6540.0,313,222754.0,702.6940063091482,0.15270493698706847
6545.0,313,224319.0,707.6309148264984,0.16332545063063467
6550.0,313,225884.0,712.5678233438485,0.16864729435474257
6555.0,313,227449.0,691.3343465045592,0.6138767195659565
6560.0,313,229014.0,696.0911854103343,0.6322956025510018
6565.0,313,230579.0,700.8480243161094,0.6236900004097019
6570.0,313,232144.0,705.6048632218844,0.6314460263168397
6575.0,313,233709.0,710.3617021276596,0.6186529756766601
6580.0,315,235279.0,715.1337386018237,0.5065017786283241
6585.0,316,236859.0,719.936170212766,0.5089710158286823
6590.0,317,238440.0,726.9512195121952,0.427236840329611
6595.0,317,240025.0,734.0214067278288,0.38794822120394556
6600.0,318,241612.0,741.1411042944785,0.2758478339803375
6605.0,319,243207.0,748.3292307692308,0.23453450461689185
6610.0,315,243854.0,750.32,0.15551496030616627
6615.0,307,243868.0,750.363076923077,0.3742104453240538
6620.0,299,244009.0,750.7969230769231,0.47745064747595445
6625.0,295,244127.0,726.5684523809524,0.9698569115190652
6630.0,293,244419.0,725.2789317507419,0.9989758005505553
6635.0,290,234138.0,694.7715133531158,1.0529085364197948
6640.0,285,214826.0,637.4658753709199,1.2279808340401834
6645.0,283,191829.0,569.2255192878338,1.2117305003676628
6650.0,290,176323.0,523.213649851632,1.2030091078934266
6655.0,292,164598.0,488.4213649851632,1.1425572964932396
6660.0,290,149129.0,442.5192878338279,1.0951595471112392
6665.0,290,135540.0,404.5970149253731,0.9813709971753749
6670.0,290,122169.0,365.7754491017964,0.9148092239905219
6675.0,291,109861.0,330.9066265060241,0.805210446050806
6680.0,289,100256.0,303.8060606060606,0.6703219015927045
6685.0,291,91509.0,279.8440366972477,0.5481859270202394
6690.0,289,83226.0,255.29447852760737,0.5069972963871008
6695.0,290,79493.0,246.8726708074534,0.35200207545531326
6700.0,288,78031.0,234.32732732732734,0.8031293635842011
6705.0,280,77712.0,234.77945619335347,0.7913054240457851
6710.0,279,78468.0,237.06344410876133,1.0183317914226575
6715.0,281,79521.0,240.24471299093656,1.050405015215231
6720.0,283,80349.0,242.74622356495468,0.9283742778738286
6725.0,286,81321.0,245.68277945619334,0.8855650714021372
6730.0,291,82271.0,249.3060606060606,0.8294008542670004
6735.0,284,82640.0,250.42424242424244,0.8673309994064032
6740.0,272,82440.0,250.5775075987842,1.038790503663875
6745.0,265,82432.0,250.5531914893617,1.0176260924847635
6750.0,265,82484.0,251.47560975609755,0.9422977648588114
6755.0,260,82595.0,253.35889570552146,0.8472876077366056
6760.0,255,82888.0,255.04,0.897241388974119
6765.0,241,83013.0,255.42461538461538,1.1814203017179117
6770.0,248,83714.0,249.89253731343283,1.6647251340185845
6775.0,253,84641.0,254.17717717717719,1.61360616933719
6780.0,259,85643.0,257.96084337349396,1.5529219795318845
6785.0,264,86654.0,261.00602409638554,1.4959910212976355
6790.0,269,87750.0,265.90909090909093,1.4054167451379636
6795.0,275,88791.0,269.88145896656533,1.1143462179236379
6800.0,280,89972.0,275.9877300613497,0.898605361957035
6805.0,278,91093.0,281.1512345679012,0.833748003440235
6810.0,277,92253.0,285.6130030959752,0.7512894195590554
6815.0,277,93410.0,289.19504643962847,0.6938823082892022
6820.0,277,94579.0,295.559375,0.5551224148044017
6825.0,281,95869.0,302.42586750788644,0.35064690700565293
6830.0,291,97310.0,306.9716088328076,0.28900363206703694
6835.0,297,98781.0,312.5981012658228,0.2317483966456451
6840.0,304,100284.0,318.3619047619048,0.18290647802222645
6845.0,311,101827.0,311.3975535168196,0.6383774846556182
6850.0,311,103380.0,316.1467889908257,0.6397067465512594
6855.0,311,104935.0,320.9021406727829,0.6440698530244815
6860.0,311,106490.0,325.65749235474004,0.6411160388195197
6865.0,311,108045.0,330.41284403669727,0.6478912413805349
6870.0,312,109601.0,335.17125382263,0.5391794176396157
6875.0,314,111169.0,339.9663608562691,0.49593798751365825
6880.0,315,112744.0,345.840490797546,0.4547952739310916
6885.0,315,114319.0,352.83641975308643,0.3636632185775666
6890.0,316,115895.0,358.80804953560374,0.21279359610847756
6895.0,319,117482.0,363.72136222910217,0.1689538767592995
6900.0,312,118084.0,365.58513931888547,0.17383091000978332
6905.0,303,118366.0,366.45820433436535,0.3470190599940059
6910.0,296,118991.0,368.39318885448915,0.4189290888429683
6915.0,293,119360.0,356.2985074626866,0.9101179734898693
6920.0,294,119857.0,357.7820895522388,0.9317784058965612
6925.0,294,120476.0,359.62985074626863,0.927094770610534
6930.0,292,120973.0,361.1134328358209,0.9341957426303764
6935.0,290,121231.0,361.88358208955225,0.9012044281407869
6940.0,284,121556.0,362.8537313432836,0.8708406422253024
6945.0,269,120757.0,360.4686567164179,1.1779677205441854
6950.0,258,120613.0,361.1167664670659,1.290378478554497
6955.0,255,121189.0,366.1299093655589,1.1348982126838625
6960.0,261,121962.0,368.4652567975831,1.0359169233234915
6965.0,265,123005.0,373.8753799392097,0.9028310622670729
6970.0,272,124125.0,380.7515337423313,0.6955889244897852
6975.0,277,125376.0,385.7723076923077,0.6736135082729393
6980.0,282,126585.0,389.4923076923077,0.6781181349513583
6985.0,287,127871.0,380.5684523809524,0.9954172281844784
6990.0,289,129143.0,383.21364985163206,0.9992876410165159
6995.0,286,130432.0,389.3492537313433,0.9206222743880854
7000.0,291,131830.0,398.27794561933536,0.7378976482514956
7005.0,295,133223.0,402.48640483383684,0.6505313631590448
7010.0,304,134726.0,408.26060606060605,0.5569996771251096
7015.0,310,136257.0,412.9,0.5049323066272148
7020.0,316,137827.0,417.6575757575758,0.4677940652954996
7025.0,318,139414.0,423.75075987841944,0.42458683336439834
7030.0,318,141004.0,429.890243902439,0.35369759259496475
7035.0,319,142597.0,434.7469512195122,0.2969209006459596
7040.0,321,144197.0,442.32208588957053,0.1922743332120961
7045.0,321,145802.0,447.2453987730061,0.14337602975264815
7050.0,322,147411.0,452.180981595092,0.1463851664209586
7055.0,322,149021.0,457.1196319018405,0.15620275266396846
7060.0,316,148734.0,440.0414201183432,0.6611494759585922
7065.0,306,147175.0,435.42899408284023,0.9121453126400266
7070.0,300,146219.0,432.60059171597635,1.0044949694845822
7075.0,298,145254.0,429.7455621301775,1.0230899494764638
7080.0,296,144450.0,427.36686390532543,1.0190525771663645
7085.0,300,145141.0,429.4112426035503,0.9128774462071682
7090.0,307,146660.0,433.905325443787,0.8102749920510498
7095.0,313,148213.0,438.5,0.7640131800941536
7100.0,319,149798.0,445.82738095238096,0.6333219050352827
7105.0,321,151398.0,450.5892857142857,0.5697165914422643
7110.0,322,153007.0,455.3779761904762,0.5244660904540878
7115.0,323,154620.0,462.9341317365269,0.42118548741985024
7120.0,323,156235.0,474.87841945288756,0.21484248966134847
7125.0,323,157850.0,481.25,0.19281557037770086
7130.0,323,159465.0,470.39823008849555,0.61315618134811
7135.0,323,161080.0,475.1622418879056,0.6245772238592917
7140.0,323,162695.0,479.92625368731564,0.632832471870387
7145.0,323,164310.0,484.69026548672565,0.6264858549961606
7150.0,323,165925.0,489.4542772861357,0.5537236303819454
7155.0,325,167548.0,494.2418879056047,0.5425874448907216
7160.0,325,169173.0,499.0353982300885,0.4668009594702418
7165.0,327,170807.0,505.34615384615387,0.4216600044580633
7170.0,309,154245.0,457.70029673590506,0.559303164939384
7175.0,280,128133.0,380.2166172106825,1.2212303673431621
7180.0,266,114204.0,339.89285714285717,1.2855643670365333
7185.0,270,106290.0,316.3392857142857,1.1826792361833471
7190.0,281,99661.0,296.61011904761904,1.0728017064265043
7195.0,289,92091.0,274.89850746268655,1.0235804628229928
7200.0,289,85536.0,255.3313432835821,1.031000859838239
7205.0,286,77980.0,224.72622478386168,1.4260720447244886
7210.0,286,72425.0,208.71757925072046,1.4222343861912983
7215.0,282,63879.0,184.0893371757925,1.4287591913711113
7220.0,281,57321.0,165.66763005780348,1.379615173896367
7225.0,280,49778.0,144.2840579710145,1.2860188087206255
7230.0,280,43819.0,131.19461077844312,0.8048346841469922
7235.0,282,40527.0,122.06927710843374,0.7080261981075798
7240.0,281,38457.0,116.89057750759878,0.5968454228108401
7245.0,281,39103.0,120.31692307692308,0.43212414125848736
7250.0,283,39444.0,121.36615384615385,0.37581170017722915
7255.0,282,39279.0,120.85846153846154,0.5586106014889977
7260.0,285,39135.0,120.41538461538461,0.5141267072360357
7265.0,290,39023.0,120.07076923076923,0.5180403333607284
7270.0,294,39209.0,121.01543209876543,0.49222801772842917
7275.0,298,40386.0,120.19642857142857,0.9442630966798463
7280.0,305,41895.0,124.6875,0.8843803491835514
7285.0,313,43442.0,129.29166666666666,0.8567946338025598
7290.0,314,45010.0,133.95833333333334,0.8515396429281035
7295.0,315,46581.0,138.63392857142858,0.7907412915618282
7300.0,317,48159.0,143.33035714285714,0.7371834490775029
7305.0,317,49744.0,148.04761904761904,0.6896587933091202
7310.0,318,51334.0,152.7797619047619,0.6907893348592945
7315.0,318,52924.0,158.93093093093094,0.505206406710903
7320.0,320,54521.0,165.71732522796353,0.3478139479647404
7325.0,320,56121.0,170.580547112462,0.2838516043998969
7330.0,322,57727.0,176.53516819571865,0.16563735293446114
7335.0,322,59337.0,181.45871559633028,0.18793689911075442
7340.0,322,60947.0,186.3822629969419,0.19085266005229728
7345.0,322,62557.0,185.07988165680473,0.6297587351536884
7350.0,322,64167.0,189.84319526627218,0.6213766806698927
7355.0,322,65777.0,194.60650887573965,0.6192793898752329
7360.0,322,67387.0,199.3698224852071,0.6225819881825305
7365.0,322,68997.0,204.13313609467457,0.6241615415905796
7370.0,322,70607.0,208.89644970414201,0.5744655922567701
7375.0,326,72225.0,213.68343195266272,0.4692968659392314
7380.0,326,73855.0,218.5059171597633,0.4760331198978756
7385.0,326,75485.0,223.99109792284867,0.4381501595766758
7390.0,326,77115.0,229.50892857142858,0.36741829964840383
7395.0,330,78753.0,235.7874251497006,0.16012416748580818
7400.0,330,80403.0,240.72754491017963,0.1331113850371949
7405.0,330,82053.0,245.6676646706587,0.15214958516304963
7410.0,330,83703.0,250.60778443113773,0.16035341972780964
7415.0,330,85353.0,255.54790419161677,0.16061461418573664
7420.0,330,87003.0,251.45375722543352,0.6164755013837538
7425.0,330,88653.0,256.2225433526012,0.6176305879704778
7430.0,330,90303.0,260.9913294797688,0.6079961792429877
7435.0,330,91953.0,265.76011560693644,0.5695818874714863
7440.0,331,93608.0,270.5433526011561,0.5569934486917031
7445.0,332,95265.0,275.3323699421965,0.4767280976035186
7450.0,334,96932.0,280.15028901734104,0.4662922302352536
7455.0,334,98602.0,285.80289855072465,0.41946079491830646
7460.0,334,100272.0,291.48837209302326,0.3224296374176796
7465.0,336,101949.0,297.2274052478134,0.24091976885517188
7470.0,337,103631.0,303.01461988304095,0.15762148919393393
7475.0,338,105319.0,307.9502923976608,0.14273725955772615
7480.0,338,107009.0,312.89181286549706,0.14889488354678215
7485.0,338,108699.0,317.8333333333333,0.15211473294086097
7490.0,338,110389.0,311.8333333333333,0.5790933233471486
7495.0,338,112079.0,316.6073446327684,0.6031700659203721
7500.0,338,113769.0,321.3813559322034,0.5983212417680452
7505.0,338,115459.0,326.1553672316384,0.6021429947482664
7510.0,339,117150.0,330.93220338983053,0.5558868717364631
7515.0,340,118846.0,335.7231638418079,0.47796601086970975
7520.0,342,120553.0,340.545197740113,0.46038954902648005
7525.0,342,122263.0,346.35410764872523,0.3906130304990169
7530.0,343,123977.0,352.2073863636364,0.3027283910055427
7535.0,344,125695.0,357.0880681818182,0.2873984484250785
7540.0,344,127415.0,361.9744318181818,0.23404848940133666
7545.0,345,129140.0,367.92022792022794,0.18693644599555925
7550.0,345,130865.0,372.83475783475785,0.18898930262911864
7555.0,346,132594.0,377.7606837606838,0.18813482054361955
7560.0,346,134324.0,382.6894586894587,0.18598799234038968
7565.0,346,136054.0,375.83977900552486,0.5956339152328355
7570.0,346,137784.0,380.61878453038673,0.5996935130183882
7575.0,346,139514.0,385.3977900552486,0.5937159011393845
7580.0,346,141244.0,390.1767955801105,0.5684025152105434
7585.0,348,142978.0,394.96685082872926,0.48054718276891173
7590.0,350,144724.0,399.7900552486188,0.4507754353091046
7595.0,350,146474.0,405.7451523545706,0.4091094140301642
7600.0,350,148224.0,411.73333333333335,0.3329125067650716
7605.0,351,149978.0,417.7660167130919,0.2590904086736077
7610.0,352,151737.0,422.6657381615599,0.23761255554807514
7615.0,353,153500.0,427.5766016713092,0.19964910904486693
7620.0,353,155265.0,432.4930362116992,0.17609058725791737
7625.0,354,157031.0,438.6340782122905,0.14857274343212143
7630.0,354,158801.0,443.5782122905028,0.1482120880327107
7635.0,354,160571.0,433.9756756756757,0.574508050955548
7640.0,354,162341.0,438.75945945945944,0.5779979886087409
7645.0,354,164111.0,443.54324324324324,0.5849365193935333
7650.0,354,165881.0,448.32702702702704,0.5487745475554893
7655.0,355,167656.0,453.12432432432433,0.5315776604668352
7660.0,356,169434.0,457.92972972972973,0.5013740060929337
7665.0,358,171220.0,464.0108401084011,0.41274869094369876
7670.0,358,173010.0,468.8617886178862,0.40357608896175534
7675.0,358,174800.0,475.0,0.33663928788915976
7680.0,360,176595.0,481.18528610354224,0.1828187311712434
7685.0,362,178404.0,487.44262295081967,0.15780839511472672
7690.0,362,180214.0,492.3879781420765,0.11443930660628922
7695.0,362,182024.0,497.3333333333333,0.1496508439799668
7700.0,362,183834.0,502.27868852459017,0.15215031872016685
7705.0,362,185644.0,492.42440318302386,0.543538540472597
7710.0,362,187454.0,495.9100529100529,0.5584645760319472
7715.0,362,189264.0,500.6984126984127,0.5649799309572926
7720.0,362,191074.0,505.4867724867725,0.5618233845417605
7725.0,362,192884.0,510.27513227513225,0.49661553707381106
7730.0,365,194704.0,515.0899470899471,0.4580812671309428
7735.0,365,196529.0,519.9179894179895,0.43429083801106166
7740.0,366,198357.0,526.1458885941645,0.3914740376513839
7745.0,366,200187.0,532.4122340425532,0.3383916638609578
7750.0,367,202020.0,540.1604278074866,0.2260704610510356
7755.0,368,203856.0,545.0695187165776,0.193612958492791
7760.0,369,205697.0,549.9919786096257,0.13555982422533236
7765.0,353,197015.0,526.7780748663101,0.2647141893752278
7770.0,324,181864.0,486.26737967914437,0.8878964334715783
7775.0,306,170400.0,455.6149732620321,1.0656303653212351
7780.0,308,166757.0,432.01295336787564,1.453909072230874
7785.0,317,163708.0,424.1139896373057,1.3073886961496168
7790.0,327,160150.0,414.89637305699483,1.277431004841521
7795.0,327,156628.0,405.7720207253886,1.227022700571077
7800.0,330,153120.0,396.6839378238342,1.1448835791810748
7805.0,330,150192.0,389.0984455958549,1.1309937364188811
7810.0,328,147267.0,382.5116883116883,1.1035935645490993
7815.0,327,143773.0,373.43636363636364,1.0958236433354407
7820.0,325,140847.0,366.7890625,1.0165617322197318
7825.0,325,137928.0,365.85676392572947,0.7298264192770207
7830.0,326,135014.0,362.94086021505376,0.5315601389674639
7835.0,326,132105.0,359.9591280653951,0.34088494766339317
7840.0,321,129121.0,354.72802197802196,0.2577420799397562
7845.0,324,129722.0,357.3608815426997,0.2254969849023284
7850.0,327,131126.0,349.6693333333333,0.652884996057828
7855.0,335,132782.0,354.0853333333333,0.6260445627207525
7860.0,342,134472.0,358.592,0.6055592081494386
7865.0,349,136199.0,363.19733333333335,0.5684882012583451
7870.0,354,137957.0,367.88533333333334,0.49540013201995137
7875.0,362,139753.0,372.67466666666667,0.4391850743665269
7880.0,363,141568.0,377.51466666666664,0.43385728828928716
7885.0,364,143384.0,382.3573333333333,0.35189201468703196
7890.0,365,145209.0,387.224,0.3444334077545112
7895.0,365,147034.0,394.1930294906166,0.2784195211275641
7900.0,365,148859.0,399.0857908847185,0.257053702986253
7905.0,366,150685.0,403.98123324396784,0.22278692907214395
7910.0,367,152518.0,411.099730458221,0.14747610193821795
7915.0,367,154353.0,416.04582210242586,0.1487792778724128
7920.0,367,156188.0,420.9919137466307,0.15129348899445533
7925.0,367,158023.0,412.5926892950392,0.5479208373229129
7930.0,367,159858.0,417.3838120104439,0.5481006101415573
7935.0,367,161693.0,422.1749347258486,0.5488233842667384
7940.0,367,163528.0,426.96605744125327,0.5024956565606878
7945.0,369,165370.0,431.77545691906005,0.4561702897811099
7950.0,370,167220.0,436.6057441253264,0.4282473826726594
7955.0,353,165828.0,434.1047120418848,0.5210509573540907
7960.0,325,162429.0,426.3228346456693,1.0939332591317332
7965.0,312,160317.0,423.0,1.1798342343078863
7970.0,321,160349.0,423.0844327176781,1.0083223929762775
7975.0,329,160433.0,423.3060686015831,0.9180055767131778
7980.0,333,160572.0,423.67282321899734,0.9007814806137232
7985.0,331,160716.0,424.0527704485488,0.8576573261653507
7990.0,329,161028.0,424.8759894459103,0.8813408908681309
7995.0,329,161180.0,412.2250639386189,1.2766132139363395
8000.0,329,161661.0,413.45524296675194,1.2913950968893932
8005.0,328,162146.0,414.69565217391306,1.2834831232215524
8010.0,326,162142.0,415.74871794871797,1.1760354721725466
8015.0,329,162643.0,424.6553524804178,0.8990508109320906
8020.0,325,162810.0,434.16,0.6173971256938449
8025.0,325,163144.0,438.55913978494624,0.5065751157251174
8030.0,326,163493.0,439.497311827957,0.4551017556880027
8035.0,324,164089.0,441.0994623655914,0.4266388152438348
8040.0,332,165730.0,446.71159029649596,0.3831415624130185
8045.0,339,167409.0,452.45675675675676,0.2607414637672777
8050.0,347,169125.0,458.3333333333333,0.1933623357398674
8055.0,356,170884.0,463.10027100271003,0.16286345955380185
8060.0,361,172668.0,469.20652173913044,0.13766420086447032
8065.0,364,174485.0,460.38258575197887,0.5292143667977635
8070.0,364,176305.0,463.9605263157895,0.5466636636905757
8075.0,364,178125.0,468.75,0.5571624802434175
8080.0,364,179945.0,473.5394736842105,0.5566112402408766
8085.0,364,181765.0,478.32894736842104,0.48152234438802805
8090.0,367,183597.0,483.15,0.45447198522873733
8095.0,367,185432.0,487.9789473684211,0.4322143111126112
8100.0,368,187271.0,492.8184210526316,0.42378056886577664
8105.0,368,189111.0,497.66052631578947,0.3909652190504866
8110.0,370,190956.0,505.1746031746032,0.27818406386693056
8115.0,370,192806.0,511.42175066312996,0.21293250777100448
8120.0,372,194661.0,516.342175066313,0.15890678075444903
8125.0,372,196521.0,521.2758620689655,0.17970646591124162
8130.0,372,198381.0,526.2095490716181,0.18075905635155806
8135.0,372,200241.0,532.5558510638298,0.15169681896766962
8140.0,372,202101.0,520.8788659793814,0.5515178366075637
8145.0,372,203961.0,525.6726804123712,0.5648188026936579
8150.0,372,205821.0,530.4664948453608,0.5573166465804004
8155.0,373,207682.0,535.2628865979382,0.5273479034883451
8160.0,375,209550.0,540.0773195876288,0.43988499082820537
8165.0,376,211429.0,546.328165374677,0.3776775278850361
8170.0,376,213309.0,551.1860465116279,0.3846177045217762
8175.0,377,215190.0,558.9350649350649,0.24243290597529252
8180.0,378,217079.0,563.8415584415584,0.23136347912050484
8185.0,378,218969.0,570.2317708333334,0.2055473597720089
8190.0,378,220859.0,575.1536458333334,0.17126968009547294
8195.0,379,222752.0,580.0833333333334,0.14749367604170716
8200.0,379,224647.0,585.0182291666666,0.17116418914440554
8205.0,379,226542.0,589.953125,0.14616254252096303
8210.0,380,228440.0,576.8686868686868,0.5359049511811367
8215.0,380,230340.0,581.6666666666666,0.5420320824503772
8220.0,380,232240.0,586.4646464646464,0.5501204714961195
8225.0,380,234140.0,591.2626262626262,0.538458681770954
8230.0,381,236041.0,596.0631313131313,0.4401995634053211
8235.0,384,237958.0,600.9040404040404,0.4188178776401672
8240.0,366,234918.0,593.2272727272727,0.5851476741889337
8245.0,337,228543.0,577.1287878787879,1.1745496421836503
8250.0,328,226474.0,576.2697201017812,1.302891604212726
8255.0,336,225990.0,576.5051020408164,1.0877415453695978
8260.0,345,225567.0,575.4260204081633,1.0675456522228504
8265.0,338,218854.0,558.3010204081633,1.0420767969755889
8270.0,329,208383.0,531.5892857142857,1.1387131351877695
8275.0,319,199351.0,508.5484693877551,1.2480155540834061
8280.0,316,190117.0,484.9923469387755,1.3383064820031478
8285.0,312,180526.0,446.84653465346537,1.7094118306369628
8290.0,308,173160.0,428.61386138613864,1.7187147775176963
8295.0,307,169650.0,422.0149253731343,1.6463982773410166
8300.0,304,167300.0,425.6997455470738,1.2997612995410512
8305.0,313,166724.0,435.3107049608355,0.888164788154623
8310.0,318,166249.0,435.20680628272254,0.790833130271778
8315.0,320,165547.0,434.50656167979,0.7153150320234858
8320.0,328,165777.0,436.2552631578947,0.6234845329915831
8325.0,331,167042.0,443.0822281167109,0.45861292291372835
8330.0,339,168724.0,449.93066666666664,0.36190232072188744
8335.0,346,170439.0,456.94101876675603,0.2548121058870878
8340.0,353,172189.0,464.1212938005391,0.13834485622777914
8345.0,361,173980.0,468.9487870619946,0.12916017596625357
8350.0,367,175801.0,473.85714285714283,0.14257786565508293
8355.0,367,177636.0,463.8015665796345,0.5648518229926048
8360.0,367,179471.0,468.5926892950392,0.5853624811736469
8365.0,367,181306.0,473.3838120104439,0.58046388625999
8370.0,367,183141.0,478.1749347258486,0.5130268022042205
8375.0,371,184986.0,482.9921671018277,0.4355296361607532
8380.0,371,186841.0,487.8355091383812,0.4430555537207366
8385.0,371,188696.0,492.6788511749347,0.4383108599449708
8390.0,372,190552.0,498.82722513089004,0.3655354948301446
8395.0,372,192412.0,505.01837270341207,0.3091598037346741
8400.0,373,194276.0,511.2526315789474,0.22608549409004328
8405.0,375,196144.0,516.1684210526316,0.16012679289733805
8410.0,375,198019.0,522.4775725593668,0.15154322390276426
8415.0,375,199894.0,527.424802110818,0.15335908842388724
8420.0,375,201769.0,532.3720316622691,0.15444082037271922
8425.0,375,203644.0,522.1641025641026,0.5237750147291038
8430.0,375,205519.0,525.6240409207161,0.5397407022764369
8435.0,375,207394.0,530.4194373401534,0.5357154203092155
8440.0,375,209269.0,535.2148337595908,0.4984337387916793
8445.0,376,211147.0,540.0179028132992,0.4428906565628568
8450.0,378,213035.0,546.2435897435897,0.36080115711429767
8455.0,379,214929.0,552.5167095115681,0.31952336206267357
8460.0,379,216824.0,557.388174807198,0.3219273087406258
8465.0,379,218719.0,563.7087628865979,0.27031171775079016
8470.0,381,220620.0,568.6082474226804,0.22479011450075223
8475.0,381,222525.0,573.5180412371134,0.18796953145217876
8480.0,382,224434.0,578.4381443298969,0.1543840690122013
8485.0,383,226348.0,584.8785529715763,0.1212444496424247
8490.0,383,228263.0,589.826873385013,0.10562169557977827
8495.0,383,230178.0,594.7751937984497,0.11893073816163366
8500.0,383,232093.0,581.68671679198,0.4878024710793554
8505.0,383,234008.0,586.4862155388471,0.506162939892569
8510.0,383,235923.0,591.2857142857143,0.5052066270599885
8515.0,384,237839.0,596.0877192982456,0.45272233641872367
8520.0,386,239764.0,600.9122807017544,0.37892296422549726
8525.0,387,241699.0,605.7619047619048,0.3756086773029935
8530.0,387,243634.0,610.6115288220551,0.38115213467908726
8535.0,369,240447.0,602.624060150376,0.5293344645058671
8540.0,342,234823.0,590.0075376884422,1.0733698545927994
8545.0,339,233866.0,587.6030150753769,1.086504153376909
8550.0,348,233091.0,585.6557788944724,0.9478438918821241
8555.0,350,232347.0,585.256926952141,0.9201029373329963
8560.0,350,232173.0,584.8186397984887,0.9097942060489582
8565.0,348,231446.0,582.9874055415617,0.9008770750490815
8570.0,346,230723.0,565.4975490196078,1.2154814005594412
8575.0,345,230272.0,564.3921568627451,1.2222991260186642
8580.0,345,229826.0,564.6830466830467,1.1994209068872683
8585.0,343,229120.0,562.948402948403,1.1708441610894142
8590.0,344,228691.0,563.2783251231527,1.0455239130090472
8595.0,346,228271.0,573.5452261306533,0.7786639369308562
8600.0,346,227863.0,581.2831632653061,0.583793236929361
8605.0,346,227720.0,585.3984575835476,0.4832098751717155
8610.0,343,226781.0,587.5155440414508,0.3562805913661241
8615.0,344,226524.0,586.8497409326425,0.3358604652561714
8620.0,346,227813.0,590.1891191709844,0.3359604369357056
8625.0,354,229561.0,596.2623376623377,0.2513577440641506
8630.0,362,231346.0,600.8987012987013,0.19264982904343664
8635.0,369,233172.0,605.6415584415585,0.16081897726104272
8640.0,376,235036.0,612.0729166666666,0.12879287002454462
8645.0,380,236922.0,598.2878787878788,0.5224168017444366
8650.0,380,238822.0,603.0858585858585,0.5328383338767118
8655.0,380,240722.0,607.8838383838383,0.536115758470789
8660.0,382,242625.0,612.689393939394,0.39786885393363236
8665.0,384,244545.0,617.5378787878788,0.39478079802906374
8670.0,384,246465.0,622.3863636363636,0.39913134851521515
8675.0,378,238032.0,601.0909090909091,0.41800718167672224
8680.0,368,219293.0,553.770202020202,0.5647165453801235
8685.0,364,202277.0,512.093670886076,0.6032678060930428
8690.0,362,188631.0,478.75888324873097,0.5384616292912
8695.0,364,178444.0,452.9035532994924,0.5366018002879362
8700.0,355,156358.0,397.85750636132315,0.5043232027857152
8705.0,315,92991.0,236.61832061068702,0.9792332562889257
8710.0,317,87718.0,223.20101781170484,1.1132553364689204
8715.0,319,80761.0,199.4098765432099,1.3995078151734448
8720.0,326,77243.0,190.72345679012346,1.3110241130691511
8725.0,329,72054.0,178.35148514851485,1.2712498100359078
8730.0,341,67608.0,167.34653465346534,1.0844421542884908
8735.0,344,64076.0,159.39303482587064,0.973079866696696
8740.0,334,61364.0,153.79448621553885,1.0369044313210662
8745.0,335,60480.0,152.72727272727272,0.827106302104254
8750.0,339,59741.0,151.24303797468355,0.7263702252317625
8755.0,348,60255.0,152.93147208121826,0.5143517638897802
8760.0,358,61593.0,156.32741116751268,0.5015939237506303
8765.0,359,62981.0,159.8502538071066,0.47045580059482683
8770.0,361,64380.0,163.4010152284264,0.4920246665891459
8775.0,363,65878.0,167.62849872773538,0.4273831677812046
8780.0,363,67367.0,171.41730279898218,0.3995984004396255
8785.0,363,68843.0,170.40346534653466,0.7451976772592374
8790.0,359,70271.0,173.50864197530865,0.7595451701181618
8795.0,359,71755.0,178.49502487562188,0.6509829712334219
8800.0,362,73309.0,182.8154613466334,0.5972052739355281
8805.0,367,74936.0,186.87281795511223,0.5165756938481966
8810.0,371,76594.0,191.485,0.48617257241767675
8815.0,371,78260.0,196.63316582914572,0.37699047707019134
8820.0,371,79978.0,202.47594936708862,0.29371231205171844
8825.0,373,81777.0,207.55583756345177,0.2543459475947153
8830.0,379,83658.0,212.32994923857868,0.19916166394960025
8835.0,383,85563.0,217.16497461928935,0.15849776133347218
8840.0,387,87488.0,222.0507614213198,0.1489473821630733
8845.0,389,89430.0,226.9796954314721,0.1522322729145394
8850.0,389,91375.0,231.91624365482232,0.13358349776342815
8855.0,389,93320.0,236.85279187817258,0.1527418104984728
8860.0,383,91760.0,226.00985221674875,0.5826348888382363
8865.0,375,87848.0,216.3743842364532,0.7533248144452164
8870.0,367,85062.0,209.51231527093597,0.8546565131150338
8875.0,365,81689.0,201.20443349753694,0.7995745927610395
8880.0,349,71917.0,177.13546798029557,0.9091116421766229
8885.0,352,70780.0,174.33497536945814,0.8626219461003608
8890.0,355,70237.0,173.4246913580247,0.8781481857753222
8895.0,357,69781.0,172.29876543209878,0.7479803409084786
8900.0,362,70072.0,173.0172839506173,0.664373893146866
8905.0,369,71898.0,177.96534653465346,0.5400192479108366
8910.0,378,73768.0,182.59405940594058,0.4747627444294827
8915.0,383,75674.0,187.77667493796525,0.42274842520830275
8920.0,381,76228.0,190.09476309226932,0.35362808258039347
8925.0,379,76772.0,192.89447236180905,0.41530490466767894
8930.0,368,77049.0,188.84558823529412,0.8123275206427624
8935.0,366,76782.0,188.19117647058823,0.8764867266223682
8940.0,370,77539.0,190.04656862745097,0.8267645094397579
8945.0,369,77799.0,190.68382352941177,0.7982308954100247
8950.0,372,78113.0,191.92383292383292,0.7135571209097846
8955.0,375,79333.0,194.92137592137593,0.685616574861386
8960.0,372,80169.0,197.46059113300493,0.660276927894855
8965.0,372,81345.0,200.35714285714286,0.6637434067289297
8970.0,372,82708.0,204.2172839506173,0.6012575779947174
8975.0,373,83779.0,207.37376237623764,0.5209914598181284
8980.0,375,85104.0,212.22942643391522,0.36443358166793316
8985.0,374,86156.0,216.47236180904522,0.21570703643722755
8990.0,374,87403.0,219.60552763819095,0.1726429060985746
8995.0,374,88475.0,222.8589420654912,0.15919078248510501
9000.0,374,90006.0,227.28787878787878,0.1379344873935075
9005.0,379,91889.0,225.77149877149878,0.4636071047770479
9010.0,384,93795.0,230.45454545454547,0.4622091558346188
9015.0,387,95722.0,235.1891891891892,0.4231855815609728
9020.0,392,97643.0,239.9090909090909,0.3540452528434796
9025.0,396,99615.0,244.75429975429975,0.3447393705727106
9030.0,396,101595.0,249.61916461916462,0.33378610496621997
9035.0,397,103578.0,254.4914004914005,0.3136749327283079
9040.0,397,105563.0,259.36855036855036,0.28532092696447214
9045.0,399,107553.0,264.25798525798524,0.24454833874244336
9050.0,399,109548.0,269.8226600985222,0.1854440568623134
9055.0,400,111547.0,275.4246913580247,0.13760469807029074
9060.0,400,113547.0,280.36296296296297,0.1125255532923493
9065.0,403,115556.0,285.32345679012343,0.07408990425821736
9070.0,403,117571.0,290.2987654320988,0.07420942276354894
9075.0,403,119586.0,286.7769784172662,0.4737460018733726
9080.0,403,121601.0,291.6091127098321,0.48211357424364165
9085.0,403,123592.0,296.3836930455636,0.44586833405150494
9090.0,405,125609.0,301.22062350119904,0.3721024805190357
9095.0,406,127639.0,306.08872901678654,0.3629082614008046
9100.0,407,129670.0,310.95923261390885,0.33214177066526435
9105.0,407,131705.0,315.8393285371703,0.3315411152943745
9110.0,407,133740.0,322.26506024096386,0.22860293263135004
9115.0,408,135780.0,327.1807228915663,0.2219746503236972
9120.0,409,137822.0,332.1012048192771,0.12909192291102373
9125.0,412,139877.0,337.0530120481928,0.06978670991228984
9130.0,413,141941.0,342.02650602409636,0.06841285041298523
9135.0,413,144006.0,347.00240963855424,0.06780588475730068
9140.0,413,146071.0,351.97831325301206,0.05473427195636238
9145.0,413,148136.0,347.73708920187795,0.41250265837778977
9150.0,413,150201.0,351.75878220140515,0.4278203901368561
9155.0,413,152266.0,356.59484777517565,0.43003523639322394
9160.0,413,154331.0,361.43091334894615,0.4154860003151199
9165.0,415,156400.0,366.27634660421546,0.34777583467591666
9170.0,417,158482.0,372.0234741784038,0.27698380721481275
9175.0,417,160567.0,376.9178403755869,0.2811879786139185
9180.0,417,162652.0,381.81220657277,0.2496989210835371
9185.0,418,164740.0,386.7136150234742,0.2167714275919595
9190.0,420,166835.0,391.63145539906105,0.18045930679600264
9195.0,420,168935.0,396.5610328638498,0.15230172533670583
9200.0,421,171039.0,401.5,0.10278357851317879
9205.0,422,173149.0,407.4094117647059,0.08241469300960877
9210.0,423,175261.0,412.37882352941176,0.06456429443772174
9215.0,423,177376.0,417.3552941176471,0.06523004078876063
9220.0,423,179491.0,410.73455377574373,0.4112019882094463
9225.0,423,181606.0,415.57437070938215,0.42571908620447463
9230.0,423,183682.0,420.324942791762,0.39252074665936876
9235.0,425,185801.0,425.17391304347825,0.332796816095953
9240.0,426,187931.0,430.04805491990845,0.3279757387914219
9245.0,427,190062.0,434.9244851258581,0.30578710080748134
9250.0,427,192197.0,439.8100686498856,0.30832535316210524
9255.0,427,194332.0,445.7155963302752,0.23668070127496485
9260.0,429,196474.0,450.6284403669725,0.19405629493290327
9265.0,430,198621.0,456.6,0.10001067769391493
9270.0,432,200779.0,461.56091954022986,0.06681645627514535
9275.0,433,202941.0,466.5310344827586,0.05152416291892294
9280.0,433,205106.0,471.5080459770115,0.05161529985711766
9285.0,433,207271.0,476.4850574712644,0.059586105685210736
9290.0,433,209436.0,468.53691275167785,0.413649205664032
9295.0,433,211601.0,473.38031319910516,0.42248150554107955
9300.0,433,213766.0,478.2237136465324,0.3810515756731853
9305.0,435,215937.0,483.08053691275165,0.3601216635385294
9310.0,436,218113.0,487.94854586129753,0.325949745129328
9315.0,437,220294.0,492.82774049217,0.29748069568134033
9320.0,437,222479.0,497.7158836689038,0.2945290885086624
9325.0,438,224665.0,502.6062639821029,0.24340647735963752
9330.0,439,226859.0,507.5145413870246,0.22461746143166147
9335.0,440,229055.0,512.427293064877,0.1788478245306169
9340.0,441,231259.0,518.5179372197309,0.1294376799085838
9345.0,442,233467.0,524.6449438202247,0.06773714242589993
9350.0,425,221191.0,497.05842696629213,0.1773975456250445
9355.0,397,201868.0,453.6359550561798,0.7245951629418851
9360.0,384,194575.0,437.24719101123594,0.9151053299670106
9365.0,389,190663.0,417.20568927789935,1.194328737840423
9370.0,394,184979.0,404.7680525164114,1.1507974800528598
9375.0,398,179774.0,393.3785557986871,1.0660299890413576
9380.0,397,174606.0,382.0700218818381,1.017120091725083
9385.0,398,170253.0,372.5448577680525,0.9895047447233033
9390.0,396,165103.0,361.2757111597374,0.9777742015699269
9395.0,396,160755.0,351.76148796498904,0.9832568731526435
9400.0,396,156402.0,342.9868421052632,0.8978255257883384
9405.0,396,152059.0,334.931718061674,0.811303685287383
9410.0,397,147725.0,328.27777777777777,0.6874710393148146
9415.0,393,141812.0,323.03416856492026,0.3425542204680955
9420.0,394,136701.0,313.5344036697248,0.24652284844146433
9425.0,395,133953.0,308.647465437788,0.17491150465676147
9430.0,394,129653.0,298.7396313364055,0.16064770873055048
9435.0,393,127069.0,285.5483146067416,0.5049600194401417
9440.0,392,125563.0,282.1640449438202,0.50253934192305
9445.0,393,127106.0,285.6314606741573,0.4289352031851681
9450.0,400,129093.0,290.09662921348314,0.39118917271052656
9455.0,410,131126.0,294.66516853932586,0.37103385099833536
9460.0,417,133194.0,299.3123595505618,0.32842733112896005
9465.0,424,135298.0,304.04044943820224,0.27865072159250026
9470.0,434,137444.0,309.55855855855856,0.21158227456346085
9475.0,437,139625.0,314.47072072072075,0.17858012814165136
9480.0,438,141814.0,319.4009009009009,0.15158220335753964
9485.0,439,144009.0,324.3445945945946,0.14263166924095344
9490.0,440,146206.0,330.0361173814898,0.0605876606378013
9495.0,441,148411.0,335.01354401805867,0.049728301640867445
9500.0,441,150616.0,339.9909706546275,0.06079648083982541
9505.0,441,152821.0,336.6101321585903,0.3988018139184495
9510.0,441,155026.0,340.7164835164835,0.41140794107927214
9515.0,441,157231.0,345.56263736263736,0.39624186117629023
9520.0,442,159438.0,350.4131868131868,0.3533450740762641
9525.0,444,161654.0,355.2835164835165,0.3116747145296595
9530.0,445,163876.0,360.167032967033,0.2893406468296248
9535.0,445,166101.0,365.0571428571429,0.29197987881518267
9540.0,445,168326.0,369.9472527472527,0.26148190695267787
9545.0,446,170556.0,374.84835164835164,0.22938407859992427
9550.0,448,172792.0,380.59911894273125,0.1463617630365503
9555.0,449,175037.0,386.3951434878587,0.11456257382013428
9560.0,450,177284.0,391.35540838852097,0.05356974881995548
9565.0,451,179537.0,396.3289183222958,0.0552391859783225
9570.0,451,181792.0,401.30684326710815,0.05749857602491556
9575.0,450,184019.0,406.22295805739515,0.05860097620599987
9580.0,451,186273.0,400.5870967741935,0.376821262358255
9585.0,451,188528.0,405.43655913978495,0.38831965687287384
9590.0,451,190783.0,410.28602150537637,0.34865244814584806
9595.0,453,193045.0,415.1505376344086,0.310995918254216
9600.0,455,195316.0,420.03440860215056,0.2793982184679855
9605.0,455,197591.0,424.9268817204301,0.28397223146623973
9610.0,455,199866.0,429.81935483870967,0.2500282717447636
9615.0,438,197575.0,424.89247311827955,0.36244679271226227
9620.0,414,193535.0,417.10129310344826,0.7999778200525282
9625.0,409,192560.0,415.0,0.8863540736501953
9630.0,417,192590.0,415.0646551724138,0.7737097873550078
9635.0,420,192476.0,415.7149028077754,0.7033349491525526
9640.0,420,192621.0,416.0280777537797,0.7040041036532696
9645.0,419,192527.0,415.8250539956803,0.6954028509308793
9650.0,416,192427.0,405.1094736842105,1.022767998663418
9655.0,415,192809.0,405.9136842105263,1.0231817796948464
9660.0,414,192705.0,405.69473684210527,1.0015573406841343
9665.0,415,192809.0,406.7700421940928,0.9022216773349735
9670.0,416,192970.0,409.70276008492567,0.7917208330256009
9675.0,414,192899.0,416.62850971922245,0.5516062915622351
9680.0,413,193307.0,421.14814814814815,0.3869745184688256
9685.0,414,193247.0,423.7872807017544,0.29346453547090906
9690.0,413,193427.0,424.1820175438597,0.30057745373308065
9695.0,411,193365.0,424.97802197802196,0.25204190778447494
9700.0,413,193558.0,425.4021978021978,0.16859049266963416
9705.0,414,193993.0,426.3582417582418,0.13908330312494166
9710.0,416,194937.0,428.43296703296704,0.15289610924143138
9715.0,421,196980.0,432.9230769230769,0.13977082551809716
9720.0,428,199105.0,437.5934065934066,0.11848869062981139
9725.0,435,201263.0,430.97002141327624,0.43640221112272626
9730.0,444,203462.0,436.6137339055794,0.4014115083128795
9735.0,450,205693.0,441.40128755364805,0.32946257201343043
9740.0,436,205885.0,441.81330472103,0.43606444478150186
9745.0,415,205600.0,441.20171673819743,0.8959506288358434
9750.0,417,206698.0,443.5579399141631,0.8795709191757838
9755.0,419,207834.0,445.9957081545064,0.85197677465695
9760.0,419,209087.0,449.6494623655914,0.787327536339871
9765.0,419,210344.0,452.35268817204303,0.7717142290847757
9770.0,419,211607.0,455.06881720430107,0.7131325489553129
9775.0,419,212870.0,457.78494623655916,0.7042043678959111
9780.0,416,214030.0,461.2715517241379,0.6851280664768646
9785.0,414,215197.0,463.7866379310345,0.6698003686407253
9790.0,414,216569.0,466.7435344827586,0.6655695062473995
9795.0,411,217705.0,459.2932489451477,0.8777995849846765
9800.0,411,218971.0,469.8948497854077,0.6682796028264653
9805.0,410,220237.0,473.6279569892473,0.6173877989592521
9810.0,411,221509.0,479.45670995671,0.49010920596217566
9815.0,410,222702.0,486.2489082969432,0.3809083701574714
9820.0,412,224087.0,489.27292576419217,0.37953107788930945
9825.0,410,225276.0,492.94529540481403,0.3403814286774861
9830.0,410,226658.0,497.0570175438597,0.29545939590194487
9835.0,410,228274.0,500.60087719298247,0.22566193949453575
9840.0,420,230361.0,505.17763157894734,0.19081900569809404
9845.0,429,232490.0,509.8464912280702,0.15923322109585059
9850.0,437,234655.0,514.594298245614,0.0996115085099981
9855.0,443,236855.0,519.4188596491229,0.071723889798927
9860.0,450,239096.0,524.3333333333334,0.07528450606331977
9865.0,453,241360.0,516.8308351177731,0.404915278371811
9870.0,453,243625.0,521.6809421841542,0.38819071558365026
9875.0,444,237767.0,509.13704496788006,0.4391391203755883
9880.0,428,221747.0,474.8329764453961,0.5310796051964275
9885.0,420,205599.0,440.254817987152,0.5974869763867444
9890.0,417,194435.0,416.3490364025696,0.6681157443893746
9895.0,417,185830.0,397.92291220556746,0.6937306666830962
9900.0,417,179769.0,384.9443254817987,0.6799799158735633
9905.0,411,173867.0,372.30620985010705,0.7328796141236839
9910.0,398,159068.0,341.3476394849785,0.7711339604924693
9915.0,354,128463.0,275.67167381974247,1.1963489295346355
9920.0,349,123427.0,264.8648068669528,1.391765351245722
9925.0,346,120428.0,258.42918454935625,1.5607385344352622
9930.0,351,117550.0,252.25321888412017,1.618522637939296
9935.0,359,115419.0,247.6802575107296,1.7170051295831723
9940.0,361,114995.0,242.6054852320675,1.9069204139881146
9945.0,366,114946.0,242.50210970464136,1.8905598153728855
9950.0,373,116009.0,245.78177966101694,1.6440152373307164
9955.0,389,117837.0,252.32762312633832,1.3727977715570525
9960.0,397,119608.0,257.7758620689655,1.195617531755002
9965.0,399,121255.0,261.889848812095,1.1399789114168568
9970.0,405,122936.0,267.25217391304346,1.0158050659031315
9975.0,405,124683.0,272.23362445414847,0.9490290666056425
9980.0,403,126427.0,278.4735682819383,0.815601554975908
9985.0,407,128220.0,285.5679287305122,0.6421423932399233
9990.0,410,129974.0,292.076404494382,0.47605089016354546
9995.0,414,131816.0,297.5530474040632,0.402452036342981
10000.0,418,133665.0,303.0952380952381,0.3398450686333393
